1	0	2	3	0	5	6	0	0	9	10	11	0	13	14	0	16	0	18	0	20	0	0	23	24	25
2	1	0	0	4	5	6	7	0	9	0	11	12	13	0	15	16	0	0	19	20	0	0	23	24	0
3	1	0	0	4	0	6	7	8	9	10	11	12	0	14	0	16	17	0	0	20	0	0	23	24	0
4	1	2	0	4	5	0	0	8	0	10	0	12	13	0	0	16	17	18	19	0	0	0	23	24	25
5	1	2	0	4	0	0	0	8	9	0	11	12	13	0	15	16	0	0	19	20	0	0	23	24	25
6	1	2	0	4	5	6	7	0	0	10	0	12	0	0	15	16	17	0	19	0	21	0	23	0	25
7	1	0	0	4	0	0	7	8	0	10	0	12	0	14	15	16	0	18	19	0	21	22	23	0	25
8	1	0	0	0	5	6	0	8	9	10	0	0	13	0	15	16	17	18	19	20	0	22	0	0	25
9	0	0	3	4	5	0	0	0	9	10	11	0	13	0	15	16	17	0	19	20	21	0	0	24	25
10	0	2	3	4	5	6	0	8	9	10	11	12	0	14	0	0	0	0	19	20	0	0	23	24	0
11	0	2	0	0	0	6	7	8	9	10	11	12	0	0	0	16	0	0	19	20	0	22	23	24	25
12	1	2	0	4	5	0	7	8	9	10	11	12	0	14	0	16	17	0	0	0	0	0	0	24	25
13	0	0	3	0	5	6	7	8	9	10	11	0	13	14	15	16	17	0	19	0	0	0	23	0	0
14	1	2	0	0	5	6	7	0	9	0	0	0	13	14	15	0	0	18	19	20	21	0	23	0	25
15	1	2	0	4	0	6	0	8	0	10	0	12	0	0	15	16	0	18	19	0	21	0	23	24	25
16	0	2	0	0	5	6	7	8	0	10	0	12	13	0	15	0	17	0	19	0	21	0	23	24	25
17	1	2	3	0	5	6	7	0	9	0	0	0	13	14	0	16	17	18	19	20	21	0	0	0	0
18	0	2	0	0	0	6	7	8	0	10	11	0	0	14	15	0	17	18	19	20	0	22	23	24	0
19	0	2	0	0	5	6	7	8	0	10	11	0	13	14	15	16	17	0	0	20	0	0	23	24	0
20	0	0	3	4	0	6	7	8	9	10	0	0	0	14	0	16	17	18	19	20	0	0	23	24	0
21	1	2	0	4	5	0	0	8	0	0	11	0	0	14	0	16	0	18	19	20	0	22	23	24	25
22	1	2	3	4	5	6	7	0	9	10	0	12	13	14	15	0	0	0	0	0	0	22	0	0	25
23	1	0	3	4	5	6	0	8	0	10	11	12	0	14	0	16	17	18	19	20	0	0	0	0	0
24	1	2	3	0	5	0	7	0	0	10	11	0	0	14	0	0	17	0	19	20	21	0	23	24	25
25	1	2	3	4	5	6	7	0	9	0	0	0	13	14	0	16	0	0	0	20	0	22	23	24	0
26	0	0	0	0	5	0	7	8	9	10	11	0	13	14	0	16	17	0	19	20	21	22	23	0	0
27	0	0	3	0	0	6	0	8	0	10	11	12	13	14	15	0	0	18	0	20	21	22	0	24	25
28	1	0	3	0	0	0	7	0	9	10	11	12	13	14	0	16	17	18	19	20	21	0	0	0	0
29	1	0	0	4	5	6	0	8	9	0	0	0	13	14	0	16	17	0	19	20	21	22	0	24	0
30	1	2	3	4	0	6	7	8	0	0	11	0	0	14	0	0	17	0	19	20	21	22	23	0	0
31	1	2	3	4	0	0	0	0	9	0	0	0	13	14	15	0	17	0	19	20	21	22	0	24	25
32	1	2	0	4	0	6	7	0	9	10	11	0	0	14	15	16	17	0	0	20	0	22	23	0	0
33	1	2	0	0	5	0	7	8	0	10	11	12	0	14	0	16	0	0	19	20	21	0	23	24	0
34	1	2	0	4	0	0	7	8	9	10	11	0	0	0	15	16	0	18	19	20	21	0	23	0	0
35	1	0	0	4	5	6	0	0	0	0	11	12	13	14	0	16	17	0	19	0	21	22	23	0	25
36	1	0	0	4	5	0	7	8	0	10	11	0	0	14	0	0	17	0	19	20	21	22	23	24	0
37	1	0	3	4	5	0	0	8	9	10	11	0	13	0	15	0	0	0	0	20	21	22	23	24	0
38	1	2	3	0	0	6	7	8	9	10	0	0	13	14	15	16	0	0	0	0	0	22	0	24	25
39	0	2	0	0	0	0	7	8	9	0	11	0	13	14	15	0	17	18	19	0	21	22	23	24	0
40	1	2	0	0	5	0	7	8	0	10	0	12	13	14	0	16	17	0	0	20	21	22	0	24	0
41	0	2	3	4	0	0	0	0	9	0	0	12	13	0	15	16	17	18	19	20	21	0	23	0	25
42	1	0	3	4	5	6	0	8	0	0	11	12	0	14	15	0	17	0	0	0	21	22	0	24	25
43	1	0	3	0	0	6	7	8	9	10	0	0	0	14	0	0	17	18	19	20	0	22	23	24	0
44	0	0	3	4	5	6	0	0	0	10	11	12	13	14	0	0	0	18	19	0	21	0	23	24	25
45	1	2	3	0	5	0	7	0	9	0	0	0	0	14	0	16	17	18	19	0	21	0	23	24	25
46	1	2	0	4	5	6	0	8	0	10	11	0	0	14	0	0	0	18	19	0	21	0	23	24	25
47	1	2	3	4	5	6	0	8	0	10	11	0	13	0	15	0	0	18	0	20	0	22	0	0	25
48	0	2	0	0	5	6	7	0	0	0	11	0	13	0	15	16	17	18	19	20	21	22	23	0	0
49	0	2	0	4	5	6	0	8	0	0	11	0	13	0	15	16	0	0	19	20	21	22	23	24	0
50	1	2	3	0	0	6	7	0	9	10	11	12	13	0	0	0	0	0	19	20	21	0	23	0	25
51	1	0	3	0	5	6	7	8	0	0	11	0	13	14	0	16	17	0	0	20	21	22	23	0	0
52	1	2	0	4	0	0	0	8	9	0	11	12	13	0	15	16	0	0	0	0	21	22	23	24	25
53	1	2	3	0	0	6	7	0	9	0	11	12	0	14	0	0	17	18	19	20	0	0	23	24	0
54	0	2	0	4	5	6	7	8	9	0	0	12	0	14	0	16	0	18	0	20	21	22	0	24	0
55	0	2	3	4	5	6	7	8	9	0	0	12	13	0	15	16	0	18	19	0	0	0	0	0	25
56	1	2	0	0	5	0	0	0	9	0	0	12	13	14	15	16	17	0	19	20	0	22	23	24	0
57	1	2	3	4	0	6	7	8	0	0	11	12	0	0	0	0	17	0	19	20	21	22	0	0	25
58	0	0	3	4	5	6	0	0	0	0	11	12	13	14	15	16	17	18	19	20	0	22	0	0	0
59	1	0	3	0	5	6	7	8	0	10	11	0	13	14	15	0	0	0	19	20	0	0	23	0	25
60	1	2	3	4	5	0	0	8	0	0	11	0	0	0	0	16	17	18	19	0	0	22	23	24	25
61	1	0	0	4	5	0	0	0	9	0	11	12	13	14	15	16	0	0	19	20	0	22	23	0	25
62	1	0	3	0	0	0	7	8	9	0	11	0	13	14	15	16	17	18	0	20	0	0	0	24	25
63	0	0	0	4	0	0	0	8	9	10	11	12	13	0	0	16	17	0	19	20	21	22	0	24	25
64	1	2	3	0	0	6	7	8	9	10	0	0	13	14	0	0	17	18	0	20	0	0	23	0	25
65	1	2	0	4	0	0	7	0	0	10	0	0	0	0	15	16	17	18	19	20	21	22	23	0	25
66	1	2	0	4	0	0	0	8	0	10	11	0	0	14	15	16	17	0	0	20	21	22	23	24	0
67	0	0	0	0	5	0	7	8	9	10	11	12	13	0	15	16	0	0	0	20	21	22	23	24	0
68	1	2	3	0	5	6	7	8	9	10	0	12	0	0	0	16	17	0	0	0	0	22	23	0	25
69	1	0	0	4	0	0	7	8	9	10	11	0	0	0	15	0	17	18	19	20	21	0	23	24	0
70	1	2	3	0	5	6	0	0	9	10	0	12	0	14	15	16	0	0	19	20	0	0	0	24	25
71	1	0	3	0	5	6	0	8	9	0	11	0	13	14	15	16	0	18	0	0	21	22	23	0	0
72	1	2	0	0	5	0	7	8	0	0	11	12	13	0	15	16	17	18	0	0	0	0	23	24	25
73	1	2	0	0	5	0	7	0	0	10	11	0	13	14	15	16	17	18	19	0	21	0	0	0	25
74	1	2	3	4	5	6	0	8	0	0	11	0	13	0	15	16	0	18	0	0	0	22	23	0	25
75	1	0	3	4	5	6	7	8	0	10	11	0	13	0	15	16	17	0	0	20	0	0	0	0	25
76	1	0	3	0	5	0	0	8	9	10	0	12	13	0	15	16	17	0	19	0	21	0	23	0	25
77	0	2	3	4	0	6	0	8	9	0	11	0	0	14	0	0	17	18	0	20	21	22	0	24	25
78	1	2	3	0	5	6	7	8	0	0	0	12	13	0	15	16	17	18	0	20	0	0	23	0	0
79	1	2	3	0	5	0	0	0	9	0	0	12	0	14	15	0	17	18	0	20	0	22	23	24	25
80	1	2	3	4	5	0	7	0	9	10	0	0	0	14	15	0	17	18	0	20	0	22	0	0	25
81	1	2	3	4	5	6	7	0	0	10	11	0	13	0	15	16	17	0	19	0	21	0	0	0	0
82	1	0	0	4	5	6	0	8	9	0	0	12	13	0	15	0	17	18	19	20	0	22	23	0	0
83	1	2	3	0	5	6	0	8	0	10	11	12	13	14	0	0	0	0	0	20	0	0	23	24	25
84	1	2	0	4	0	6	0	8	0	0	0	12	0	0	15	16	17	0	19	20	0	22	23	24	25
85	1	2	0	0	5	0	7	8	9	0	11	0	13	14	15	16	0	18	0	0	21	22	23	0	0
86	0	2	0	4	5	6	0	8	9	0	0	12	13	14	0	0	17	18	19	0	0	0	23	24	25
87	1	2	3	0	5	0	0	8	9	10	11	0	13	0	15	0	0	18	0	20	0	22	0	24	25
88	1	2	0	4	5	0	0	8	9	10	11	12	0	14	0	0	17	18	19	0	0	0	0	24	25
89	1	0	0	0	0	6	0	0	0	0	11	12	13	0	15	16	17	0	19	20	21	22	23	24	25
90	1	2	3	0	0	0	0	8	0	10	11	12	0	0	15	0	17	0	0	20	21	22	23	24	25
91	1	0	0	4	0	0	0	0	9	10	11	12	13	14	15	16	17	0	0	20	0	22	23	0	25
92	1	2	0	4	0	6	0	8	0	0	0	12	13	14	15	0	17	18	19	0	21	22	0	24	0
93	0	2	0	4	5	6	7	0	9	10	0	0	13	0	0	0	17	18	19	20	21	0	23	24	0
94	0	2	0	4	0	0	0	8	9	0	11	12	13	0	15	16	17	18	0	0	21	22	23	24	0
95	1	2	3	4	5	0	0	0	0	10	11	12	0	14	15	0	17	18	19	20	0	22	0	0	0
96	0	0	3	4	0	6	0	0	9	10	0	12	0	14	0	16	17	18	19	0	21	22	23	24	0
97	0	0	3	4	0	6	0	0	0	10	0	12	13	14	15	0	17	0	19	20	0	22	23	24	25
98	1	2	0	0	5	6	0	8	0	10	11	0	0	0	15	0	17	18	0	20	0	22	23	24	25
99	1	2	3	4	0	0	7	0	0	10	11	0	13	14	0	16	17	0	0	20	21	0	0	24	25
100	1	0	3	4	0	0	0	8	9	10	11	12	13	14	0	16	17	0	0	0	0	22	23	0	25
101	1	0	3	0	0	6	7	0	9	10	0	0	13	14	0	16	17	0	19	20	21	0	23	24	0
102	1	2	3	4	0	0	7	0	9	10	11	12	0	0	0	0	0	18	19	0	21	22	23	0	25
103	1	2	3	4	5	0	7	8	0	10	11	0	0	0	0	16	17	18	0	0	0	22	23	0	25
104	0	0	0	0	5	6	7	0	0	10	11	0	13	14	15	16	0	18	19	0	21	22	0	24	25
105	0	0	0	4	0	6	7	8	9	10	11	12	13	0	15	0	17	0	19	0	21	22	0	0	25
106	1	2	3	4	5	6	0	0	0	10	0	12	13	14	15	0	17	0	0	0	0	22	23	0	25
107	1	0	3	4	0	6	7	8	9	0	11	12	0	0	15	0	17	18	0	0	21	0	0	24	25
108	1	2	0	4	0	0	7	8	9	0	11	12	0	14	15	16	0	18	0	0	0	22	23	0	25
109	1	0	3	0	5	0	7	0	9	0	11	12	13	0	0	16	0	18	0	20	21	0	23	24	25
110	1	0	3	4	5	6	0	0	0	0	0	12	13	14	0	0	17	0	19	20	21	22	23	0	25
111	1	0	0	0	5	6	0	0	0	10	11	12	13	0	15	0	17	18	19	0	21	22	0	24	25
112	1	2	3	4	0	6	0	0	0	10	11	0	0	14	15	0	17	18	19	20	21	0	23	0	0
113	1	2	0	4	5	6	0	8	0	0	11	12	13	14	0	0	0	0	19	20	21	0	0	24	25
114	1	2	3	0	0	6	7	8	9	10	11	0	0	14	0	0	0	0	0	20	21	22	0	24	25
115	1	0	0	4	5	6	7	0	9	0	11	12	13	0	0	16	17	18	0	20	21	0	0	0	25
116	1	2	0	0	0	0	0	0	9	10	11	12	13	14	0	16	0	18	19	20	21	0	23	0	25
117	0	0	0	0	5	6	7	0	9	10	11	12	13	14	15	0	17	18	0	20	0	0	23	0	25
118	0	2	0	4	5	6	0	8	0	0	0	12	13	14	15	0	0	18	19	0	21	22	23	24	0
119	1	0	0	4	0	6	0	8	9	10	11	0	0	0	15	0	17	18	0	20	21	22	23	24	0
120	1	0	3	0	5	0	7	8	0	0	11	12	13	0	15	16	0	18	19	20	21	0	0	24	0
121	1	2	0	4	5	0	7	0	9	10	11	12	0	0	0	16	17	18	0	0	0	0	23	24	25
122	1	2	0	4	5	0	0	8	9	10	0	0	13	0	15	0	17	18	0	20	0	22	23	0	25
123	0	0	0	4	5	6	7	0	0	0	11	12	13	0	0	0	17	18	19	20	21	22	23	24	0
124	0	2	3	4	0	6	7	0	9	0	0	0	0	14	15	16	0	18	19	20	21	0	0	24	25
125	0	2	3	4	0	6	7	0	9	10	11	12	0	0	15	16	0	0	0	0	21	22	0	24	25
126	1	2	3	4	0	6	7	8	0	0	0	0	13	14	0	16	0	18	0	0	21	22	0	24	25
127	1	2	3	4	5	0	7	0	0	10	11	12	13	0	0	0	0	18	19	0	0	22	23	0	25
128	0	2	3	4	0	6	0	0	0	0	11	0	13	14	15	16	17	0	19	20	21	0	23	0	25
129	0	2	0	0	5	6	7	0	9	0	11	0	13	0	15	0	0	18	19	20	21	22	23	0	25
130	0	2	3	4	5	6	0	0	9	10	0	12	13	0	15	0	17	0	19	0	0	0	23	24	25
131	0	2	0	4	5	6	7	8	0	0	11	12	13	0	15	0	0	0	19	20	0	22	23	0	25
132	1	0	3	4	5	0	7	0	9	10	11	0	0	14	15	16	17	0	0	0	0	22	23	0	25
133	1	0	3	4	5	0	0	8	9	0	11	0	13	0	15	0	0	18	19	20	21	22	23	0	0
134	1	0	3	0	5	0	7	8	0	10	11	12	13	14	0	16	17	0	19	0	0	22	0	0	25
135	1	2	0	0	5	0	7	8	0	10	0	0	13	14	15	0	0	18	19	20	21	22	0	0	25
136	1	2	3	0	5	6	0	0	9	0	0	12	13	14	15	0	17	0	0	0	21	22	23	24	0
137	0	2	0	0	0	6	0	8	9	10	11	12	13	0	0	16	17	18	19	20	21	0	0	0	25
138	0	2	3	4	5	0	7	8	0	0	11	0	13	0	15	16	17	0	0	0	21	22	0	24	25
139	1	2	0	0	0	0	7	0	9	0	0	12	0	14	15	16	17	18	19	0	21	22	23	24	0
140	1	2	3	0	0	6	0	0	9	10	0	12	13	0	15	0	0	18	19	20	0	22	0	24	25
141	1	0	3	0	0	0	7	8	9	10	0	12	13	0	0	16	17	18	19	20	0	0	0	24	25
142	1	2	0	4	5	6	7	0	9	0	0	0	0	0	15	16	17	18	19	0	0	22	23	24	0
143	1	2	0	0	0	0	0	8	9	0	11	0	13	0	15	16	17	0	19	0	21	22	23	24	25
144	1	2	0	4	0	0	7	0	9	0	11	12	0	14	0	0	17	0	19	20	21	22	0	24	25
145	1	2	3	0	0	0	0	0	9	10	11	0	13	14	15	0	17	18	0	20	0	22	0	24	25
146	1	2	0	0	5	0	0	8	0	10	11	12	13	14	0	16	17	0	0	0	0	22	23	24	25
147	1	2	0	4	5	6	0	0	0	10	11	12	13	0	0	16	0	0	19	0	21	22	23	0	25
148	1	2	0	4	5	0	0	8	9	0	0	12	13	0	0	16	17	0	0	20	21	22	0	24	25
149	0	2	0	0	5	0	7	0	9	10	0	0	13	0	15	16	17	18	19	20	0	0	23	24	25
150	1	0	3	0	5	6	7	8	9	0	11	0	0	14	0	0	0	0	19	0	21	22	23	24	25
151	0	0	3	4	5	0	7	0	9	10	11	12	13	14	0	16	0	18	0	20	0	0	23	24	0
152	0	0	3	4	5	6	7	8	0	0	0	0	13	0	15	0	17	0	19	20	0	22	23	24	25
153	1	2	0	4	5	0	0	8	0	0	11	12	13	0	0	0	17	18	0	20	21	0	23	24	25
154	1	2	3	0	5	6	0	0	9	10	11	0	13	14	15	16	0	18	0	0	0	0	23	24	0
155	0	2	0	4	5	0	0	8	0	10	11	0	0	14	15	16	0	18	19	20	21	22	0	24	0
156	1	0	3	4	0	0	0	8	9	10	11	12	13	14	15	0	0	0	19	20	0	22	23	0	0
157	1	2	0	4	0	6	7	0	9	10	0	12	0	14	0	16	0	18	19	0	21	0	0	24	25
158	0	2	0	0	0	0	7	8	9	10	11	12	0	0	15	16	17	18	19	20	0	22	23	0	0
159	1	2	3	4	5	6	0	8	0	10	11	0	0	14	15	0	17	0	0	20	0	0	0	24	25
160	1	0	3	4	0	0	0	0	9	10	11	12	0	14	15	16	17	0	19	20	21	0	0	24	0
161	1	0	0	0	5	0	0	8	0	0	11	0	13	0	15	16	17	18	0	20	21	22	23	24	25
162	1	2	3	4	5	6	0	8	0	0	11	12	13	0	0	16	0	18	0	20	0	0	23	24	0
163	1	2	3	0	5	6	7	0	9	0	0	0	13	14	15	0	0	0	0	20	21	0	23	24	25
164	1	2	3	0	5	6	0	8	0	10	11	0	0	14	15	0	0	18	0	0	21	22	23	24	0
165	1	2	0	4	0	6	0	8	9	0	0	12	13	14	15	0	17	18	19	0	0	22	0	0	25
166	0	2	3	4	0	0	0	8	9	10	0	0	13	14	15	0	0	18	19	20	21	22	23	0	0
167	1	2	3	0	0	6	0	8	9	10	0	0	13	14	0	16	0	18	19	0	0	22	23	24	0
168	1	2	3	4	0	0	7	0	0	10	0	12	0	0	15	16	17	0	19	20	0	22	23	24	0
169	1	0	0	4	5	6	7	8	9	10	11	12	0	0	15	16	0	0	0	20	21	0	0	24	0
170	1	0	3	4	5	6	7	8	0	10	0	0	13	0	0	16	0	18	0	20	0	22	23	0	25
171	1	0	3	4	0	0	0	0	0	10	11	12	13	0	15	16	17	0	0	0	21	22	23	24	25
172	1	2	0	4	0	6	7	0	9	10	11	12	13	0	0	0	0	18	0	20	21	22	0	0	25
173	0	2	3	4	5	0	7	8	0	0	11	0	0	0	15	0	0	0	19	20	21	22	23	24	25
174	1	2	0	4	0	0	7	0	9	10	11	12	13	0	15	0	17	0	0	20	0	0	23	24	25
175	0	2	3	0	5	6	7	0	0	0	11	12	13	14	15	16	0	18	19	0	21	0	0	24	0
176	0	2	0	4	0	0	0	0	0	10	11	12	13	0	15	16	17	18	0	0	21	22	23	24	25
177	0	2	0	0	0	6	7	8	0	10	11	0	13	0	15	16	17	0	19	20	21	0	23	24	0
178	0	2	3	4	0	6	0	8	9	10	0	0	0	14	0	16	0	0	19	20	21	0	23	24	25
179	0	2	3	4	5	0	7	0	9	0	0	0	13	14	15	0	17	0	19	0	0	22	23	24	25
180	1	2	3	4	5	6	7	8	0	10	11	0	0	0	15	0	17	0	0	20	0	0	0	24	25
181	1	0	0	4	5	6	7	8	0	0	0	0	0	14	15	16	17	0	19	20	21	22	23	0	0
182	0	2	3	4	0	0	7	8	9	0	11	0	13	14	0	0	17	0	19	0	21	22	23	0	25
183	0	2	0	4	0	6	7	8	0	0	11	0	13	14	0	16	0	0	19	20	21	0	23	24	25
184	1	0	3	0	0	0	7	8	9	10	11	0	0	0	15	16	17	18	19	0	21	0	23	0	25
185	1	2	0	4	0	6	7	8	9	0	11	12	0	0	15	0	17	0	19	20	0	0	23	0	25
186	0	2	0	4	5	6	0	0	0	0	11	12	13	0	0	16	17	18	19	0	0	22	23	24	25
187	1	0	3	0	0	0	0	0	0	0	11	12	13	0	15	16	17	18	19	0	21	22	23	24	25
188	0	2	3	0	5	0	0	8	0	10	11	0	13	0	0	16	0	0	19	20	21	22	23	24	25
189	1	2	0	4	5	6	7	0	9	0	0	0	13	0	0	16	0	18	19	20	0	22	23	24	0
190	1	0	3	4	5	0	7	8	0	0	11	0	13	14	15	16	0	18	19	0	0	0	23	24	0
191	0	2	0	0	5	0	0	8	9	10	0	12	13	0	15	0	17	18	19	20	21	22	23	0	0
192	1	2	3	4	5	6	0	0	0	0	11	0	13	14	15	16	0	0	0	0	21	22	23	24	0
193	1	2	3	4	5	0	0	8	9	10	0	0	0	14	15	16	0	0	19	20	21	0	0	0	25
194	0	2	0	0	0	0	7	8	9	10	0	12	13	14	15	0	17	18	0	0	21	22	23	0	25
195	0	2	3	4	0	6	7	8	9	0	11	12	0	14	0	0	17	18	19	0	0	22	23	0	0
196	0	2	3	4	5	0	0	0	0	10	0	0	0	14	15	16	17	0	19	20	0	22	23	24	25
197	0	0	3	4	5	6	7	8	9	10	0	12	13	0	0	0	0	18	0	20	21	22	23	0	0
198	1	2	0	4	5	6	7	0	0	0	0	0	13	14	15	16	17	18	0	20	21	0	0	0	25
199	1	2	3	4	5	6	0	0	9	0	11	12	0	0	15	0	0	0	19	20	21	22	23	0	0
200	1	2	0	4	5	0	0	8	9	0	11	12	13	14	15	16	0	0	0	0	21	0	23	24	0
201	1	2	0	4	5	0	0	8	9	10	11	12	13	14	15	0	0	0	19	20	0	22	0	0	0
202	1	0	3	0	5	0	0	0	0	10	11	0	13	14	0	16	17	18	19	0	21	22	23	24	0
203	1	2	3	4	5	6	7	0	0	0	0	12	13	14	0	0	17	18	0	0	0	0	23	24	25
204	0	2	3	4	5	0	7	8	0	0	11	0	0	14	15	16	17	0	0	0	0	22	23	24	25
205	0	2	3	4	0	0	0	0	9	10	11	12	0	14	15	16	17	18	0	0	21	22	0	0	25
206	0	2	3	0	5	0	0	8	9	0	11	12	13	14	15	16	17	0	0	20	21	22	0	0	0
207	1	2	3	4	0	6	0	0	9	10	0	12	13	14	15	0	17	0	19	20	0	22	0	0	0
208	1	0	3	4	0	6	7	0	9	10	11	12	0	14	15	16	0	0	19	0	0	0	23	24	0
209	1	0	3	0	5	6	7	0	9	10	0	0	0	14	15	0	0	18	19	0	21	22	0	24	25
210	0	0	3	0	5	0	7	0	9	10	11	0	13	14	15	16	0	18	0	0	21	22	23	24	0
211	1	2	0	4	0	6	0	8	0	10	11	12	0	14	0	16	17	18	0	0	0	22	0	24	25
212	1	0	3	4	0	6	0	8	9	10	11	12	0	14	0	16	0	0	19	20	0	22	23	0	0
213	1	0	3	4	5	0	0	8	9	10	11	0	0	0	0	16	0	18	19	0	21	0	23	24	25
214	1	2	3	4	0	0	0	0	9	0	11	0	13	14	15	0	0	18	19	20	0	22	0	24	25
215	1	0	3	4	5	0	7	0	9	0	11	12	0	14	15	0	17	18	19	0	0	0	23	0	25
216	0	2	3	4	5	6	7	0	9	10	11	0	13	0	0	0	17	0	19	0	21	0	0	24	25
217	0	2	3	4	5	6	7	0	9	10	11	12	0	0	0	16	17	0	19	0	21	0	0	0	25
218	0	2	0	0	5	0	7	8	0	0	11	12	13	14	15	16	17	0	0	20	21	22	0	0	25
219	0	2	3	0	0	6	0	8	9	0	11	0	0	14	0	16	17	18	19	0	0	22	23	24	25
220	0	0	0	0	5	0	0	0	9	10	0	12	13	14	15	16	17	18	0	20	21	0	23	24	25
221	1	2	3	0	0	6	7	8	0	10	0	12	0	0	0	16	17	0	19	20	21	0	23	0	25
222	1	0	3	4	5	6	7	8	9	0	0	12	0	0	15	0	0	18	0	0	21	22	23	24	0
223	0	2	0	4	0	0	7	0	9	10	11	12	13	14	0	16	0	0	0	20	21	22	23	24	0
224	0	0	0	4	0	6	0	8	9	10	11	12	13	0	15	0	0	18	19	20	21	0	23	24	0
225	1	2	3	0	5	0	7	8	0	0	0	0	13	14	15	0	0	18	19	20	0	22	23	0	25
226	0	0	0	4	5	0	0	8	0	10	11	0	13	14	15	16	17	18	19	20	21	0	0	0	25
227	1	0	0	0	5	0	7	8	9	10	0	12	0	14	15	0	17	18	19	20	21	22	0	0	0
228	0	2	0	4	0	0	0	0	0	10	11	12	13	14	15	16	17	18	19	20	0	0	0	24	25
229	0	2	0	0	0	6	0	8	9	10	11	12	13	14	15	16	17	0	0	20	0	0	23	0	25
230	1	2	3	4	5	6	0	8	0	10	11	0	13	14	15	0	17	0	0	0	0	22	0	24	0
231	1	2	0	0	5	6	7	0	0	10	0	12	0	0	15	16	17	18	19	0	21	0	0	24	25
232	0	0	0	4	5	6	0	0	9	0	11	12	13	14	0	16	17	18	0	0	21	0	23	24	25
233	1	2	3	4	5	6	7	8	9	0	0	12	13	14	0	0	17	0	19	0	21	0	0	0	0
234	1	2	3	4	5	0	0	0	9	0	11	12	13	14	15	0	17	0	0	0	21	22	0	24	0
235	1	0	0	0	0	0	0	8	0	10	0	12	13	14	15	16	17	18	19	0	21	0	23	24	25
236	1	0	3	4	5	0	7	8	9	0	0	12	13	0	15	16	0	0	0	0	21	22	23	0	25
237	0	0	0	4	5	6	7	0	9	0	0	12	13	0	15	16	0	18	19	20	21	22	23	0	0
238	1	0	3	4	0	6	0	0	0	0	11	12	13	14	15	0	17	0	19	20	21	0	23	24	0
239	1	0	3	0	5	6	7	0	9	10	0	0	13	14	15	16	0	0	19	0	0	22	23	0	25
240	1	2	0	4	0	0	0	0	9	10	11	0	13	14	15	16	0	18	19	0	21	22	23	0	0
241	0	0	3	4	5	0	0	8	9	0	0	12	13	14	15	0	17	0	0	20	21	0	23	24	25
242	0	2	0	0	5	6	0	8	9	0	0	0	13	14	15	16	17	18	19	0	21	22	23	0	0
243	1	2	3	4	5	0	7	0	0	0	0	12	13	0	0	16	17	18	0	20	21	0	23	0	25
244	0	0	3	0	5	6	7	0	9	10	11	12	0	14	15	0	0	18	0	20	21	22	0	24	0
245	1	2	0	0	0	6	7	0	9	10	11	12	0	14	15	16	0	18	19	0	0	0	0	24	25
246	1	0	0	4	5	0	7	8	9	10	0	12	13	0	15	0	17	18	0	0	21	0	0	24	25
247	1	2	3	4	0	0	7	8	9	0	0	0	0	14	15	16	17	0	19	0	0	22	23	0	25
248	1	2	0	0	5	0	0	8	9	10	11	12	13	0	15	16	0	0	19	20	21	0	0	0	25
249	0	0	0	4	5	0	7	8	9	10	0	12	0	14	15	0	17	18	0	0	21	22	23	0	25
250	1	2	3	0	5	0	0	0	9	10	0	12	13	0	15	16	17	18	19	0	21	0	23	0	0
251	0	0	3	4	5	6	0	0	9	10	0	0	13	0	15	16	0	18	19	0	21	22	23	0	25
252	0	2	3	4	0	6	0	8	0	0	11	0	0	14	15	0	17	18	19	0	0	22	23	24	25
253	1	0	0	4	5	6	7	8	0	0	11	12	13	0	15	0	0	18	19	0	21	22	23	0	0
254	0	2	3	4	5	6	7	8	9	0	11	0	13	14	15	16	0	0	0	20	0	0	23	0	0
255	1	2	3	4	0	6	0	0	9	10	0	0	0	14	15	16	17	0	0	0	21	22	23	24	0
256	1	2	0	0	0	6	7	8	9	10	0	12	13	0	15	16	0	18	0	20	0	22	0	24	0
257	1	0	3	0	0	6	7	0	9	10	0	12	13	14	0	16	17	18	19	0	0	22	0	24	0
258	0	2	0	4	5	6	0	0	9	0	0	12	13	14	0	0	17	0	19	20	21	22	0	24	25
259	0	0	3	0	5	6	7	8	9	10	0	0	0	0	15	0	0	18	19	20	21	22	0	24	25
260	1	0	3	4	5	6	7	8	9	0	11	0	13	14	0	0	0	18	19	20	0	0	0	24	0
261	1	2	0	4	5	6	7	0	0	0	11	0	13	0	15	16	17	0	19	20	21	0	0	0	25
262	0	0	3	4	0	6	7	8	9	0	0	12	13	14	15	0	17	0	0	20	21	0	23	24	0
263	1	0	0	4	0	0	7	8	9	10	11	0	0	14	15	16	0	18	19	0	21	0	23	24	0
264	1	0	3	4	0	6	0	8	9	0	0	12	13	0	0	16	0	0	19	20	21	22	23	0	25
265	1	0	0	0	5	0	7	8	0	0	11	12	13	0	15	16	17	18	19	20	0	22	0	24	0
266	1	0	3	4	5	6	7	0	9	0	11	0	0	14	15	0	0	18	19	0	21	22	0	24	0
267	0	2	3	4	5	6	0	0	9	0	11	12	13	14	15	0	17	0	0	0	21	0	23	24	0
268	0	0	0	0	5	6	7	8	9	10	0	12	0	14	15	16	0	18	19	20	0	0	23	0	25
269	1	2	0	4	0	6	0	0	0	10	0	0	13	14	15	16	17	18	19	0	0	22	23	24	0
270	1	0	3	4	5	6	7	8	9	0	0	0	0	14	0	16	0	18	19	0	0	0	23	24	25
271	1	2	0	4	5	6	0	8	0	0	11	12	0	0	0	16	0	18	19	20	21	0	0	24	25
272	1	2	0	4	5	0	0	8	9	0	11	12	13	0	15	0	17	0	0	20	0	0	23	24	25
273	1	0	0	0	5	6	7	0	0	10	0	12	0	0	15	16	17	18	19	20	21	0	0	24	25
274	0	2	0	4	5	6	7	0	0	10	11	12	0	14	15	0	17	0	0	20	21	0	23	0	25
275	1	0	3	0	5	6	0	8	9	10	11	12	0	14	15	0	17	18	0	20	0	22	0	0	0
276	0	2	3	4	5	0	7	0	0	10	11	12	13	0	0	0	17	18	19	20	0	22	0	0	25
277	0	2	0	4	0	0	0	0	9	10	11	12	13	14	0	16	17	0	0	0	21	22	23	24	25
278	1	2	3	0	5	6	0	0	9	0	11	12	13	0	15	0	17	0	19	0	21	0	23	0	25
279	1	2	3	0	5	6	0	0	9	10	11	12	13	0	0	0	17	18	19	0	0	22	23	0	0
280	0	0	3	4	5	6	0	0	9	10	11	0	13	0	15	16	17	0	19	20	0	0	0	24	25
281	1	2	3	4	0	0	0	8	9	10	11	12	0	14	15	0	17	0	19	0	0	0	23	0	25
282	0	2	3	4	0	0	7	8	0	0	11	12	13	0	15	16	0	0	19	20	21	22	0	0	25
283	1	2	0	4	0	6	0	8	9	10	11	12	13	0	0	0	0	0	19	20	0	22	23	24	0
284	1	0	3	0	5	6	7	0	0	0	11	12	13	0	15	0	17	0	19	0	21	22	23	0	25
285	1	0	0	4	5	0	0	8	9	10	11	12	13	14	15	16	0	0	19	0	0	22	23	0	0
286	1	2	3	4	0	0	7	0	9	10	11	12	13	0	0	0	0	0	19	0	21	0	23	24	25
287	0	2	0	0	5	6	7	0	0	10	0	12	13	0	15	16	17	18	0	0	21	22	23	0	25
288	1	2	3	4	0	6	0	0	9	10	0	12	13	14	15	0	0	18	19	0	0	0	0	24	25
289	1	2	3	4	0	6	0	8	9	10	0	12	0	14	15	0	17	0	19	0	0	22	0	24	0
290	1	2	0	0	5	6	7	0	9	0	11	12	13	14	0	0	17	0	0	20	21	22	23	0	0
291	1	2	0	0	5	0	7	8	0	10	11	12	13	14	15	0	17	0	0	20	0	0	23	24	0
292	0	2	3	0	5	0	7	8	9	0	11	12	13	0	0	16	17	0	0	0	21	22	0	24	25
293	1	2	3	0	0	6	0	0	9	0	0	12	13	14	15	0	0	18	19	0	0	22	23	24	25
294	1	2	3	4	5	0	7	8	0	0	11	12	0	0	15	16	0	0	0	20	0	0	23	24	25
295	0	2	3	4	0	6	0	0	0	10	0	0	13	0	15	16	17	18	19	0	21	0	23	24	25
296	0	2	3	0	0	6	7	8	0	0	11	12	0	14	15	16	17	18	19	0	0	22	0	0	25
297	1	0	0	4	0	0	7	8	9	10	0	12	0	14	15	16	0	0	0	0	21	22	23	24	25
298	1	0	3	4	0	6	7	8	0	0	11	12	13	14	15	16	0	0	0	0	21	22	0	24	0
299	0	0	3	0	5	6	7	8	0	10	0	0	13	0	0	0	17	18	19	20	21	22	23	24	0
300	0	0	3	4	0	0	7	8	9	0	11	12	0	0	15	0	17	0	19	20	21	22	23	0	25
301	0	2	3	0	0	0	0	8	9	0	11	12	13	14	15	0	17	18	19	20	0	22	23	0	0
302	0	2	0	4	5	6	0	0	9	10	11	12	0	14	15	16	0	18	0	20	0	22	0	0	25
303	0	2	3	4	0	6	0	8	0	0	0	12	0	0	15	16	17	18	0	20	21	22	23	24	0
304	1	0	3	4	5	0	0	0	0	0	0	12	0	14	15	16	17	18	19	20	21	22	0	0	25
305	0	2	3	4	5	0	0	8	0	10	11	12	13	0	0	0	0	18	0	20	21	22	0	24	25
306	1	2	0	4	5	0	0	8	0	0	11	12	13	14	15	16	0	18	19	20	0	0	0	0	25
307	1	0	3	4	0	6	0	0	9	10	0	12	0	14	15	0	17	0	19	20	21	0	23	24	0
308	1	2	0	4	5	0	0	0	0	0	0	12	13	0	15	16	0	18	19	0	21	22	23	24	25
309	1	2	3	4	0	0	0	8	9	10	0	0	13	14	0	16	17	0	0	20	21	22	0	24	0
310	0	2	3	0	5	0	0	0	9	10	11	0	0	14	15	16	17	18	19	0	21	0	23	24	0
311	0	2	0	4	5	0	7	0	0	10	0	12	0	14	15	16	17	0	19	20	0	0	23	24	25
312	1	2	0	0	0	6	0	8	9	10	11	12	13	0	0	16	17	18	19	0	0	22	0	0	25
313	0	2	3	0	0	6	7	0	9	10	0	12	0	14	15	16	17	18	19	0	0	0	23	0	25
314	1	2	0	0	5	6	0	8	9	0	11	12	13	14	15	0	0	0	19	20	21	22	0	0	0
315	0	2	3	0	5	6	0	8	0	0	11	0	13	14	0	16	17	0	19	20	21	0	23	24	0
316	1	0	3	4	0	6	7	8	0	10	0	12	13	14	15	0	0	18	19	0	0	0	23	24	0
317	1	2	0	4	5	0	0	8	9	0	11	0	0	14	0	16	0	18	19	0	21	22	0	24	25
318	0	0	3	4	5	6	0	0	9	0	11	12	13	14	15	16	0	18	0	0	21	0	23	0	25
319	1	0	3	4	0	6	0	8	9	10	0	12	0	14	0	16	17	0	19	20	0	0	23	24	0
320	1	0	3	0	0	6	0	0	9	0	11	12	0	14	15	0	17	18	19	0	21	22	23	0	25
321	0	2	3	4	0	0	0	0	9	10	11	12	13	14	0	16	17	18	0	20	0	0	0	24	25
322	1	2	3	0	5	0	7	0	0	0	0	12	13	0	15	16	17	18	0	20	21	0	23	24	0
323	1	2	3	4	0	6	7	0	9	10	0	0	0	14	0	0	17	0	19	20	21	0	23	0	25
324	1	2	3	4	0	6	7	8	9	10	0	12	0	0	0	16	0	0	0	20	21	0	23	24	0
325	1	2	0	4	5	6	7	0	0	10	0	0	0	14	15	0	0	0	19	20	0	22	23	24	25
326	1	2	0	4	0	6	7	8	0	10	11	12	13	0	15	0	17	18	0	0	0	0	0	24	25
327	1	2	3	4	0	0	0	8	0	0	0	12	13	14	15	16	17	18	19	0	21	0	23	0	0
328	0	2	3	4	5	0	0	0	0	0	11	12	13	0	15	0	0	18	19	0	21	22	23	24	25
329	1	2	3	4	0	0	0	8	9	0	0	0	13	14	0	0	17	18	0	20	21	0	23	24	25
330	1	2	0	0	5	6	0	0	9	0	0	12	0	14	15	0	17	18	19	0	0	22	23	24	25
331	1	0	3	0	5	6	7	0	0	0	0	12	13	0	15	16	0	18	19	0	21	22	23	0	25
332	0	2	3	0	5	6	7	0	0	10	11	12	0	14	0	0	0	0	19	20	21	0	23	24	25
333	1	2	0	0	5	6	0	0	9	0	11	12	13	14	15	16	0	18	0	0	21	0	23	0	25
334	1	2	0	0	0	6	7	8	0	0	11	0	13	0	15	16	17	18	0	0	21	22	23	0	25
335	1	0	3	4	0	6	7	8	9	0	11	12	0	14	0	16	17	0	19	20	21	0	0	0	0
336	1	2	3	0	5	6	0	8	0	10	11	0	0	14	15	16	17	0	19	0	0	22	0	0	25
337	1	0	3	4	5	0	7	8	9	10	11	12	0	0	0	16	0	18	19	0	0	22	23	0	0
338	0	0	3	4	5	6	7	0	9	0	0	12	0	14	15	16	17	0	19	20	21	0	0	0	25
339	1	2	0	0	5	0	0	8	0	10	0	0	13	0	15	16	0	18	19	20	21	22	23	24	0
340	0	2	3	4	5	6	0	8	9	10	11	0	0	14	0	0	0	0	19	20	21	22	0	0	25
341	1	0	0	0	5	0	7	0	9	0	11	12	13	0	0	16	0	18	19	20	21	22	0	24	25
342	1	0	3	4	0	0	0	8	0	0	11	12	13	0	15	16	0	0	19	20	21	22	23	0	25
343	0	0	3	0	5	6	0	8	0	0	11	12	13	14	15	16	0	18	19	20	0	22	0	0	25
344	0	0	3	4	5	6	0	0	9	10	11	12	13	0	15	16	0	0	0	20	21	0	0	24	25
345	0	2	0	0	0	0	7	0	9	0	11	12	0	14	15	16	0	18	19	20	21	0	23	24	25
346	1	2	3	0	5	6	0	8	0	10	0	12	0	14	15	0	17	18	0	0	21	0	23	24	0
347	0	0	3	0	5	0	7	8	9	10	11	12	0	14	15	0	0	18	19	20	0	0	0	24	25
348	1	2	0	0	5	0	7	8	0	0	0	12	0	14	0	0	17	18	19	20	21	22	0	24	25
349	1	2	0	0	5	0	7	8	0	0	0	12	0	14	0	16	17	18	19	20	0	22	0	24	25
350	1	2	3	4	0	6	7	8	9	0	0	12	13	14	15	0	0	0	0	0	0	22	23	0	25
351	1	2	3	0	5	0	7	0	0	10	11	12	0	14	0	16	17	18	19	0	0	0	23	24	0
352	1	2	3	4	0	6	0	0	9	0	0	12	13	0	15	0	17	18	19	20	0	22	0	24	0
353	0	2	3	0	0	0	7	8	9	0	11	12	13	0	0	0	17	18	19	20	21	22	23	0	0
354	1	2	0	4	0	0	7	8	9	10	0	12	0	0	0	16	17	18	19	0	21	22	23	0	0
355	0	2	0	4	0	6	7	8	9	10	11	12	13	0	15	0	0	18	19	0	0	0	23	0	25
356	0	2	0	4	5	0	0	0	9	10	11	0	13	14	15	16	0	0	19	20	0	22	0	24	25
357	1	2	0	0	5	6	0	8	9	10	11	0	13	14	0	0	17	0	19	0	21	0	23	0	25
358	0	2	0	4	0	6	0	0	9	10	11	12	0	14	15	16	17	18	0	0	0	0	23	24	25
359	0	0	0	4	0	0	7	8	0	10	11	12	13	0	0	16	17	18	19	0	21	22	0	24	25
360	1	2	3	4	5	0	7	8	9	0	11	0	0	0	0	0	17	18	19	20	0	0	23	24	0
361	1	0	0	4	0	0	7	0	9	10	0	12	13	14	15	16	17	0	19	20	0	0	23	24	0
362	1	2	3	4	5	6	7	0	0	10	0	12	13	0	0	0	17	18	0	0	0	22	23	24	0
363	0	2	3	4	0	6	0	8	9	0	11	0	13	0	15	16	17	0	0	20	21	22	23	0	0
364	0	2	3	4	0	6	7	0	9	0	11	12	13	0	15	0	0	0	19	20	21	22	0	24	0
365	0	0	3	4	5	0	0	8	0	10	11	12	0	0	15	16	0	18	19	20	0	0	23	24	25
366	0	0	3	0	5	6	0	8	9	0	11	0	13	0	15	0	17	18	0	20	21	22	23	0	25
367	1	2	0	4	0	0	7	8	9	0	0	12	13	0	15	0	17	18	0	20	21	22	0	24	0
368	0	2	3	4	5	6	0	0	0	0	11	0	13	14	15	0	17	0	19	20	21	22	0	24	0
369	1	0	3	0	5	6	7	0	9	0	11	12	0	14	15	0	0	0	0	20	21	22	23	24	0
370	0	0	3	4	0	6	7	8	9	10	11	12	0	14	0	16	17	0	19	0	0	0	23	0	25
371	1	2	3	0	5	6	7	8	9	10	0	0	13	14	15	16	0	0	0	0	0	22	0	0	25
372	0	0	3	4	5	6	0	0	0	10	0	12	13	14	0	16	17	0	19	0	0	22	23	24	25
373	0	2	0	4	0	6	0	0	9	0	11	12	13	14	15	0	17	0	19	20	21	22	23	0	0
374	1	2	3	0	0	6	0	0	9	0	0	12	13	0	0	16	0	18	0	20	21	22	23	24	25
375	1	2	0	0	5	0	7	0	0	10	11	12	13	14	0	16	17	18	19	20	0	0	0	0	25
376	0	2	3	0	0	0	0	8	0	10	0	12	13	14	15	16	0	18	0	20	21	22	0	24	25
377	1	2	3	4	0	0	7	8	9	0	11	12	13	0	15	0	17	0	19	20	0	22	0	0	0
378	0	2	3	4	0	6	0	0	0	0	0	12	13	14	15	16	0	0	19	0	21	22	23	24	25
379	0	0	3	4	5	0	7	0	0	10	11	12	13	14	0	16	17	18	0	0	21	22	0	0	25
380	0	2	3	4	0	6	7	8	9	10	11	0	0	14	0	0	17	18	0	0	0	22	23	0	25
381	1	0	3	4	0	6	7	0	9	10	0	12	13	0	15	0	17	0	19	0	21	22	0	0	25
382	0	2	3	4	0	0	7	8	9	10	11	12	0	14	15	16	0	0	0	0	21	22	0	24	0
383	0	0	3	0	5	6	7	0	9	0	11	12	0	14	15	16	0	18	0	0	0	22	23	24	25
384	1	0	3	4	0	0	7	0	0	10	11	0	13	0	15	0	17	18	19	20	21	22	0	0	25
385	1	2	0	4	5	6	0	8	0	0	0	12	13	0	15	0	0	18	0	20	0	22	23	24	25
386	1	2	3	4	0	6	7	0	9	0	11	0	0	0	15	0	0	18	19	20	21	0	23	0	25
387	0	2	3	4	0	0	0	8	9	10	11	12	0	14	15	0	0	0	19	20	21	22	23	0	0
388	1	2	3	0	5	6	7	0	9	10	11	0	0	0	15	16	17	18	0	20	21	0	0	0	0
389	0	2	3	4	5	6	0	0	9	10	0	12	13	0	0	0	17	18	19	0	0	0	23	24	25
390	0	2	0	0	5	0	7	0	0	10	11	12	13	14	15	0	0	0	19	20	21	22	0	24	25
391	1	0	3	4	0	6	0	8	9	0	0	12	13	0	15	16	0	18	0	0	21	22	23	0	25
392	1	2	3	4	0	0	0	0	0	10	11	12	0	14	15	0	17	18	0	20	21	0	23	0	25
393	1	0	3	4	0	6	7	8	0	10	11	0	0	0	0	0	17	18	0	20	21	22	23	0	25
394	0	2	0	0	5	6	7	8	0	0	0	12	13	14	0	16	0	18	0	20	21	22	23	24	0
395	1	2	0	4	0	6	0	8	9	0	11	0	13	14	15	0	17	0	0	0	21	22	23	0	25
396	1	2	3	0	5	6	7	0	9	10	11	0	13	0	15	0	0	18	0	20	0	22	0	24	0
397	1	2	3	4	5	6	0	8	9	10	0	0	13	14	15	0	0	0	0	20	0	22	0	0	25
398	0	2	3	4	5	0	7	8	9	10	0	12	13	0	0	16	0	18	0	20	21	22	0	0	0
399	1	0	0	4	0	0	7	0	9	10	11	12	0	14	0	16	17	0	19	0	21	22	23	24	0
400	1	0	0	0	5	0	0	0	9	10	0	12	0	14	15	16	17	0	19	20	21	22	23	24	0
401	1	2	3	0	5	6	7	8	0	10	0	0	0	14	0	16	17	0	0	0	21	0	23	24	25
402	1	2	0	4	0	6	7	8	9	0	11	0	0	0	0	16	0	0	0	20	21	22	23	24	25
403	0	2	0	4	0	6	7	8	9	0	11	12	13	14	15	0	0	0	19	0	21	0	0	24	25
404	1	0	0	0	5	6	0	8	0	10	11	0	13	14	0	16	0	18	0	20	21	22	0	24	25
405	0	0	0	4	5	6	7	8	0	0	11	12	13	14	0	16	0	18	19	0	0	22	0	24	25
406	1	2	0	4	5	0	7	8	9	10	11	0	0	0	0	16	17	0	0	0	21	22	23	24	0
407	0	2	0	4	0	6	7	8	9	0	11	12	0	14	15	16	17	0	0	20	0	22	0	0	25
408	1	2	3	4	0	0	0	0	0	10	11	12	0	14	15	0	0	18	19	20	21	22	23	0	0
409	1	2	0	4	0	6	7	8	0	10	0	0	0	14	0	16	17	0	0	20	21	0	23	24	25
410	1	0	0	4	5	0	7	8	9	10	11	0	13	14	15	0	17	18	19	0	0	0	0	0	25
411	1	0	0	0	5	0	7	0	9	0	11	12	0	14	0	16	17	18	0	20	21	22	0	24	25
412	0	0	3	4	0	0	0	8	9	10	11	12	0	0	0	16	17	18	19	20	21	22	0	0	25
413	0	2	3	0	5	6	0	8	9	10	0	12	13	14	0	16	17	0	0	20	21	0	0	0	25
414	0	2	3	0	5	6	0	8	9	10	11	0	0	0	15	16	0	18	19	20	21	0	0	0	25
415	1	0	3	0	0	0	7	0	0	10	11	0	13	14	15	0	17	18	19	20	21	22	23	0	0
416	1	2	0	0	5	6	7	0	0	0	0	0	13	0	15	16	0	18	19	20	0	22	23	24	25
417	1	2	3	0	0	0	0	8	9	0	11	12	13	14	15	16	17	0	19	0	21	0	23	0	0
418	0	0	0	0	5	0	0	8	9	10	11	12	13	14	0	0	0	18	19	20	0	22	23	24	25
419	0	0	3	4	5	6	7	0	0	0	0	0	0	14	15	16	17	18	0	20	21	22	23	24	0
420	0	0	3	4	5	6	7	8	9	10	11	12	0	0	0	0	0	18	19	0	0	22	0	24	25
421	0	0	3	4	5	0	0	8	9	10	0	12	13	14	15	16	0	0	19	20	0	0	23	0	25
422	1	2	3	4	0	6	7	8	0	0	0	12	13	14	0	0	17	18	0	0	0	22	23	0	25
423	1	2	3	0	5	0	0	0	0	0	11	0	13	0	15	16	17	18	0	20	0	22	23	24	25
424	1	0	3	0	0	6	0	0	9	10	11	0	13	14	15	16	17	18	19	0	0	0	0	24	25
425	1	0	0	0	0	0	7	0	9	10	11	12	13	0	15	16	0	18	19	20	0	22	23	24	0
426	0	2	3	4	5	6	0	8	0	10	11	0	0	0	15	16	0	18	19	0	0	22	0	24	25
427	1	0	3	4	5	6	7	0	9	10	11	12	0	0	0	16	0	0	19	0	21	22	0	24	0
428	1	0	3	4	0	0	0	0	0	0	11	0	13	14	15	0	17	18	19	20	21	22	23	24	0
429	0	2	3	4	5	6	7	8	0	0	0	12	13	14	0	16	17	0	19	0	0	0	23	0	25
430	0	2	3	4	5	6	7	0	9	0	11	0	13	14	15	0	0	0	0	20	0	22	23	0	25
431	1	2	3	0	5	0	0	0	9	0	11	12	13	0	15	0	0	18	0	20	21	22	23	24	0
432	0	2	3	4	0	6	7	0	0	10	0	12	13	0	15	0	17	0	19	20	21	0	23	24	0
433	1	2	3	0	5	0	7	8	9	0	0	0	0	14	15	0	0	0	19	0	21	22	23	24	25
434	0	0	3	4	0	6	0	0	9	0	11	12	13	0	15	16	17	18	0	0	21	0	23	24	25
435	1	0	3	4	5	0	0	0	0	10	11	0	13	14	15	16	17	18	0	0	21	0	0	24	25
436	0	0	3	4	0	6	7	0	0	10	0	0	13	14	15	0	0	18	19	20	21	22	23	0	25
437	1	2	0	4	5	6	0	8	0	10	11	12	0	0	0	16	17	0	19	20	21	0	23	0	0
438	1	0	0	4	0	0	7	8	9	0	11	0	13	0	15	0	17	18	0	0	21	22	23	24	25
439	0	2	3	0	5	0	0	0	9	10	11	12	0	14	15	0	17	0	19	0	21	0	23	24	25
440	1	0	3	0	5	0	0	8	9	0	0	12	13	14	15	16	0	0	19	0	21	22	0	24	25
441	1	2	3	4	0	0	7	8	9	10	11	0	13	14	0	0	0	0	0	20	0	0	23	24	25
442	0	0	0	0	5	6	7	8	9	0	0	12	13	14	15	0	17	18	0	0	0	22	23	24	25
443	1	2	3	0	5	0	7	0	0	10	11	12	0	0	0	16	17	18	19	0	21	22	23	0	0
444	1	2	3	0	0	6	7	0	0	10	0	0	0	14	15	0	0	18	19	20	21	22	0	24	25
445	1	2	0	4	0	0	7	0	9	10	11	12	13	0	15	16	0	18	19	20	21	0	0	0	0
446	1	2	0	4	5	6	0	8	0	10	11	0	0	14	15	16	0	0	19	0	21	0	23	24	0
447	1	2	0	0	5	0	0	8	0	10	0	12	0	0	0	16	17	18	19	20	21	22	0	24	25
448	1	0	3	0	5	6	0	0	9	10	11	12	13	14	15	0	17	0	0	20	0	0	23	24	0
449	1	2	3	4	0	0	0	8	9	10	11	0	0	0	0	16	17	18	19	0	0	22	0	24	25
450	0	0	0	4	5	6	7	0	9	0	11	0	0	14	0	16	17	18	0	0	21	22	23	24	25
451	1	0	3	0	5	6	0	8	9	0	0	0	0	14	15	0	17	18	19	0	0	22	23	24	25
452	1	0	0	0	0	6	7	8	9	10	11	12	0	14	0	0	17	18	19	20	0	0	0	24	25
453	1	2	3	4	0	6	0	0	9	0	11	0	0	14	15	0	17	0	19	20	21	0	0	24	25
454	0	0	3	4	0	6	7	0	0	0	11	12	13	14	15	0	17	0	19	20	0	22	0	24	25
455	1	0	3	4	5	6	7	8	0	0	11	12	0	14	0	0	0	18	19	0	21	0	23	0	25
456	1	0	3	4	0	0	0	0	9	10	11	12	13	14	0	0	17	18	0	0	21	0	23	24	25
457	1	0	0	4	5	0	0	0	0	0	11	0	13	14	15	16	0	18	19	20	21	22	23	0	25
458	0	2	3	4	5	6	7	8	9	0	11	0	13	0	15	16	0	18	0	20	0	22	0	0	0
459	1	2	3	4	0	0	7	0	0	10	11	12	0	14	15	0	17	0	19	20	21	0	23	0	0
460	1	0	3	4	0	6	0	0	9	10	11	12	0	14	15	16	17	0	19	0	0	22	23	0	0
461	0	0	3	4	5	6	7	8	0	0	11	12	13	14	15	0	17	0	19	0	0	0	23	24	0
462	1	2	3	0	5	0	7	8	0	0	0	12	0	14	0	16	17	18	0	0	21	22	23	24	0
463	0	2	3	0	0	6	7	0	9	0	11	0	13	14	0	0	17	18	19	20	0	22	23	0	25
464	1	2	0	0	5	0	0	8	0	10	11	0	0	0	0	16	17	0	19	20	21	22	23	24	25
465	1	2	3	4	0	6	7	0	9	10	11	0	13	0	0	0	0	18	19	0	21	22	0	0	25
466	0	2	0	0	0	6	7	8	0	10	11	12	0	14	0	0	17	18	19	20	21	22	0	0	25
467	0	2	0	4	5	6	7	0	0	10	0	0	13	14	15	0	17	18	0	0	21	22	0	24	25
468	0	2	3	0	5	6	0	0	9	10	0	12	13	0	15	0	17	18	0	0	21	22	0	24	25
469	1	2	0	0	5	6	7	8	0	10	11	0	13	14	0	0	0	18	19	0	0	22	23	0	25
470	1	0	3	4	5	6	7	8	0	10	11	0	13	0	15	0	0	18	0	20	0	22	23	0	0
471	0	2	3	4	0	6	0	0	9	10	11	12	13	14	15	16	0	0	0	20	0	0	0	24	25
472	1	2	0	4	5	6	7	8	0	0	11	12	13	14	15	0	17	18	0	20	0	0	0	0	0
473	1	2	0	0	5	6	7	8	9	0	11	12	0	0	15	0	17	0	19	0	0	22	23	0	25
474	1	2	3	0	5	0	0	0	9	10	11	12	0	0	15	16	17	18	0	0	21	0	23	24	0
475	0	2	3	4	5	6	0	0	9	10	11	0	13	14	0	0	17	0	0	20	21	0	23	0	25
476	1	0	0	0	5	6	7	0	9	10	11	0	13	14	15	16	17	0	19	0	0	0	0	24	25
477	0	2	0	4	0	6	7	8	0	10	11	12	0	14	0	16	0	18	0	20	0	0	23	24	25
478	0	2	3	0	5	0	7	0	9	10	11	12	13	0	0	16	0	18	0	0	0	22	23	24	25
479	0	2	3	0	5	0	0	8	0	0	11	0	13	14	15	16	0	18	19	0	0	22	23	24	25
480	0	0	0	4	5	6	7	8	9	0	11	12	0	0	15	0	17	18	19	0	0	22	0	24	25
481	1	0	3	0	5	0	7	0	9	10	0	12	13	14	15	0	17	0	0	20	21	22	0	24	0
482	0	2	0	0	0	6	7	8	9	10	0	12	0	0	15	16	17	0	19	0	21	22	23	0	25
483	1	0	0	4	5	6	7	0	9	0	11	12	0	14	0	0	17	18	0	0	21	22	23	24	0
484	1	0	0	4	0	6	0	8	9	10	11	0	13	14	0	16	17	0	0	20	21	0	23	0	25
485	0	2	3	4	5	6	7	0	0	0	11	0	0	0	0	16	17	18	0	20	21	22	0	24	25
486	1	2	3	4	5	0	7	0	9	0	11	0	13	0	15	0	0	18	19	20	21	22	0	0	0
487	0	0	0	4	5	6	7	8	9	10	0	0	0	14	15	0	17	18	19	0	21	22	0	24	0
488	0	0	0	0	5	6	7	8	0	0	11	12	13	14	15	0	17	18	0	20	0	22	0	24	25
489	1	2	0	0	5	0	7	0	0	10	11	12	0	14	0	0	17	18	19	0	21	22	23	0	25
490	0	0	3	0	5	6	0	8	0	10	11	12	13	14	0	16	17	18	0	0	21	22	23	0	0
491	1	2	3	0	0	0	7	0	9	0	11	12	13	0	0	16	0	0	0	20	21	22	23	24	25
492	1	2	3	4	0	6	0	8	0	0	11	12	0	14	15	0	0	18	19	0	21	0	0	24	25
493	1	0	0	4	5	0	7	8	0	10	0	12	13	14	15	0	17	18	0	0	21	22	0	0	25
494	0	2	3	4	5	0	7	8	0	0	0	12	13	0	15	16	0	18	19	20	21	22	0	0	0
495	1	0	3	4	0	6	7	8	9	0	11	0	13	0	15	0	17	0	19	0	0	22	0	24	25
496	0	0	3	4	5	0	7	0	9	0	11	0	13	14	15	16	17	0	19	0	21	22	0	24	0
497	1	2	3	4	5	0	0	8	9	0	11	12	0	14	0	16	17	0	19	0	0	0	23	0	25
498	1	2	0	4	5	6	0	0	0	0	11	0	13	14	15	16	0	18	0	20	0	22	23	0	25
499	1	2	3	4	0	0	7	0	0	10	11	12	0	0	15	0	17	0	19	20	21	0	0	24	25
500	0	2	3	0	5	6	0	8	9	10	0	0	13	14	0	16	0	18	0	20	21	0	23	0	25
501	1	2	3	4	0	6	0	0	9	0	0	12	0	0	15	0	17	18	19	0	21	0	23	24	25
502	1	2	3	4	5	6	0	8	0	10	11	0	13	0	0	16	0	18	19	0	0	0	23	24	0
503	1	2	3	4	5	0	7	0	0	0	11	12	0	14	15	0	17	0	0	20	21	0	0	24	25
504	1	0	0	0	0	6	0	0	9	10	0	12	13	14	15	16	17	18	19	20	21	0	23	0	0
505	0	0	3	4	0	6	7	0	9	0	11	0	0	0	15	16	17	18	19	20	21	22	0	24	0
506	0	0	0	4	5	6	0	0	9	0	11	12	13	0	15	16	17	0	19	20	21	22	0	24	0
507	1	2	3	0	5	6	0	8	9	10	11	12	0	0	0	0	0	0	0	20	21	0	23	24	25
508	0	2	3	0	5	6	7	8	9	0	0	0	0	14	15	16	0	18	19	0	0	0	23	24	25
509	1	0	3	0	5	6	0	0	9	0	11	12	0	0	15	16	17	0	19	20	0	22	0	24	25
510	1	2	3	4	0	6	7	0	0	10	11	12	13	0	0	0	0	0	0	20	21	22	23	0	25
511	1	2	0	0	5	0	7	0	0	10	11	12	13	14	0	0	17	18	19	0	21	0	0	24	25
512	1	2	0	4	5	6	7	8	9	10	0	12	13	0	15	16	0	0	0	0	21	0	0	24	0
513	1	2	3	0	0	6	0	0	9	10	11	0	13	0	15	0	17	18	0	20	0	22	23	0	25
514	1	0	0	0	5	6	7	8	9	0	11	12	0	0	15	0	17	18	0	0	21	22	0	24	25
515	0	2	3	0	5	0	7	0	9	10	11	12	13	14	0	0	17	18	0	20	0	0	0	24	25
516	0	2	0	4	5	6	7	8	0	0	11	12	13	14	0	0	0	18	0	20	21	0	23	24	0
517	1	0	3	4	5	6	7	8	9	0	11	12	13	0	0	0	17	0	0	0	21	22	23	0	0
518	0	0	0	4	5	6	7	0	0	10	11	12	13	14	0	16	17	0	19	20	0	22	0	24	0
519	0	2	3	0	0	0	7	0	9	0	11	12	13	0	15	16	17	0	19	0	21	0	23	24	25
520	0	2	0	4	5	6	0	0	9	10	0	12	0	14	15	0	0	18	19	20	0	22	23	24	0
521	1	2	3	4	5	6	0	0	9	10	11	12	13	0	0	0	17	0	19	20	0	0	23	0	0
522	0	2	0	4	0	6	7	0	9	0	11	0	0	0	0	16	17	18	19	0	21	22	23	24	25
523	0	2	0	4	5	0	0	8	9	10	11	12	13	0	0	16	17	18	19	0	0	0	0	24	25
524	0	2	3	0	5	6	7	0	0	10	11	12	0	14	0	0	17	0	0	20	21	22	23	24	0
525	0	0	3	4	0	6	0	0	9	10	11	0	13	0	15	16	17	18	0	20	21	22	0	0	25
526	1	2	0	4	0	0	7	8	9	10	11	12	0	14	15	16	0	0	19	0	0	0	0	24	25
527	1	2	0	0	5	6	0	0	9	0	11	12	0	14	15	16	17	0	19	0	0	22	23	24	0
528	0	2	3	4	0	6	7	8	0	10	11	12	0	0	15	0	0	0	19	0	21	0	23	24	25
529	0	2	3	0	5	6	7	0	0	0	11	12	0	0	0	16	17	18	19	20	0	22	23	0	25
530	0	0	3	4	0	6	7	8	9	10	11	12	0	14	0	16	0	18	0	0	21	22	23	0	0
531	1	2	3	0	0	0	7	0	0	10	0	12	13	14	15	16	17	0	0	0	21	22	23	0	25
532	1	2	0	4	5	6	7	0	9	0	11	12	13	0	15	16	0	0	19	0	0	22	0	24	0
533	1	2	3	0	0	0	0	8	9	10	11	0	13	14	0	16	17	18	0	20	0	0	0	24	25
534	1	2	3	0	5	0	7	8	0	0	11	12	13	0	15	0	0	18	19	0	21	22	0	24	0
535	1	0	0	4	5	6	0	0	9	0	11	0	13	0	15	16	17	0	19	0	21	0	23	24	25
536	0	0	3	4	5	0	7	0	9	0	11	0	0	0	15	16	17	0	19	20	0	22	23	24	25
537	1	2	0	4	0	6	0	0	9	10	11	0	0	14	15	0	17	18	0	20	0	22	23	24	0
538	0	2	0	0	5	6	0	0	0	10	11	12	13	0	0	16	17	18	19	20	21	0	0	24	25
539	1	2	0	4	5	6	0	8	9	0	0	12	13	14	15	16	0	0	19	0	21	0	23	0	0
540	0	2	0	0	0	6	7	8	9	0	11	12	13	0	15	16	0	18	19	20	0	22	0	24	0
541	0	0	3	4	5	6	0	0	9	10	0	0	13	14	15	0	17	0	19	20	0	22	0	24	25
542	1	2	3	4	5	0	0	8	9	10	0	0	13	0	0	16	17	18	0	20	0	22	0	24	0
543	1	0	0	0	5	0	7	8	0	10	11	0	13	14	15	16	17	0	0	20	0	22	0	24	25
544	0	2	0	4	5	0	7	8	9	0	11	0	13	14	15	0	0	18	19	0	21	0	23	24	0
545	1	0	3	0	5	6	7	0	0	0	11	12	13	14	15	0	17	18	0	0	0	0	23	24	25
546	0	2	3	4	5	0	0	8	9	10	11	12	13	0	0	0	17	18	19	0	21	0	23	0	0
547	1	2	0	4	5	6	0	0	9	10	0	12	0	14	0	16	17	0	19	20	0	0	0	24	25
548	1	2	3	4	5	6	7	8	9	0	0	0	13	14	0	0	17	0	0	20	0	0	23	0	25
549	0	0	3	4	0	0	7	0	9	10	11	0	13	14	15	16	17	0	0	20	21	22	23	0	0
550	1	0	0	0	5	6	7	0	9	10	11	0	13	14	0	16	17	18	0	20	21	22	0	0	0
551	0	0	3	0	0	0	7	8	0	10	0	12	13	14	0	16	17	18	19	20	21	22	0	24	0
552	1	0	3	4	5	6	0	8	0	10	0	12	13	0	0	0	17	0	0	20	0	22	23	24	25
553	0	0	0	4	5	0	7	8	9	10	0	12	13	14	15	0	17	18	0	0	21	0	23	24	0
554	1	2	3	4	0	6	0	0	9	0	0	0	13	14	0	0	17	0	19	20	21	22	0	24	25
555	1	2	0	0	0	6	7	8	9	10	0	12	0	14	0	16	17	18	0	20	0	0	23	24	0
556	1	0	0	4	0	0	0	8	9	0	11	0	13	14	0	16	17	18	0	20	0	22	23	24	25
557	1	0	0	0	5	0	7	8	9	10	0	12	0	14	15	0	17	18	19	20	21	0	23	0	0
558	1	0	3	4	5	0	7	0	0	10	0	12	0	14	0	0	17	18	0	20	21	22	0	24	25
559	1	2	0	0	5	0	7	0	9	10	11	0	13	14	0	16	0	0	19	20	21	22	23	0	0
560	1	2	0	4	0	0	0	0	9	10	0	12	0	14	0	0	17	18	19	20	21	0	23	24	25
561	0	2	3	4	0	6	7	0	9	10	11	12	13	0	15	0	17	18	0	20	21	0	0	0	0
562	1	2	3	0	5	0	7	8	0	0	0	0	13	14	0	16	0	18	19	20	21	22	0	24	0
563	1	0	3	4	5	6	7	0	9	0	11	12	0	0	0	16	0	0	19	20	0	22	23	24	0
564	1	2	3	4	0	0	7	0	9	0	0	12	0	14	15	0	17	0	19	20	21	0	23	24	0
565	1	0	0	4	0	6	7	0	9	10	0	12	0	0	15	0	17	18	19	20	21	0	23	24	0
566	1	0	3	4	5	0	7	0	9	10	11	0	0	14	15	16	17	0	19	20	21	0	0	0	0
567	1	2	0	0	5	0	7	8	9	10	0	12	13	14	15	0	17	0	0	0	21	0	0	24	25
568	1	2	0	4	5	6	7	8	9	0	0	0	13	0	15	16	17	18	0	20	21	0	0	0	0
569	1	2	0	0	0	6	7	8	0	0	0	12	13	0	0	16	17	18	19	20	0	22	0	24	25
570	1	2	3	4	5	0	0	0	0	10	0	12	0	14	15	0	0	18	19	20	21	22	23	0	0
571	0	0	3	4	5	6	7	0	0	0	11	12	0	0	15	16	0	18	19	20	21	0	0	24	25
572	0	2	0	0	5	6	0	8	9	10	0	0	13	14	15	16	17	0	19	0	21	22	0	24	0
573	1	2	3	0	0	0	7	0	0	10	11	12	0	14	0	16	0	18	0	20	0	22	23	24	25
574	1	0	0	0	5	6	0	0	0	0	11	12	13	14	0	16	0	18	19	20	21	22	23	0	25
575	0	0	3	0	5	0	0	8	9	10	0	12	13	0	15	16	17	18	19	0	21	22	0	24	0
576	0	0	0	0	0	6	0	8	9	10	11	12	13	0	15	16	17	18	19	0	21	0	23	0	25
577	1	2	3	4	5	0	0	8	0	10	0	12	0	0	15	16	0	18	19	0	21	22	23	0	0
578	1	0	0	4	0	6	7	8	0	10	0	12	13	14	15	16	0	0	19	0	21	22	23	0	0
579	1	0	3	0	5	6	7	8	0	10	0	12	13	14	0	0	17	0	19	20	21	0	0	24	0
580	1	0	0	4	0	6	7	8	9	10	0	12	13	14	0	16	17	0	0	0	21	0	0	24	25
581	0	2	0	4	0	6	0	0	9	0	11	12	13	14	15	0	17	18	19	0	21	0	23	0	25
582	0	0	3	0	0	0	7	8	9	10	11	12	13	0	15	0	17	18	19	0	21	0	23	0	25
583	1	0	3	4	0	0	7	8	9	0	11	0	0	14	0	16	17	18	19	0	21	0	23	24	0
584	0	2	3	0	5	6	7	8	0	10	11	0	0	14	15	0	0	0	19	20	21	22	23	0	0
585	1	0	0	0	5	0	7	8	9	10	0	0	13	14	15	16	17	18	0	20	0	0	23	24	0
586	0	2	3	4	0	6	7	8	0	0	11	12	0	0	0	16	17	18	19	0	0	22	0	24	25
587	1	0	0	4	5	0	7	0	9	10	11	12	13	0	0	0	17	18	19	20	21	0	23	0	0
588	1	0	0	4	5	0	7	0	0	0	11	12	13	14	0	0	17	18	19	20	0	0	23	24	25
589	0	2	3	4	0	6	0	8	9	10	0	12	13	0	0	0	0	0	0	20	21	22	23	24	25
590	1	0	3	4	0	6	0	0	9	10	11	0	13	14	15	16	0	18	19	20	21	0	0	0	0
591	1	2	0	4	0	0	7	8	0	10	11	0	0	14	15	16	17	0	19	20	21	0	23	0	0
592	1	0	3	0	5	6	0	8	9	10	0	0	0	14	15	16	17	18	19	20	0	22	0	0	0
593	1	0	3	4	5	6	0	0	9	10	11	0	13	14	15	0	0	0	0	20	0	0	23	24	25
594	0	2	3	0	0	6	7	0	9	10	11	0	13	14	15	16	0	18	0	20	0	0	23	0	25
595	1	0	0	0	5	6	7	8	9	10	11	12	0	0	15	0	17	0	19	0	21	0	0	24	25
596	0	2	3	0	0	0	7	8	9	10	11	12	0	0	0	0	17	18	19	20	0	22	23	0	25
597	1	2	3	0	5	0	0	8	9	10	11	0	0	14	0	16	17	18	0	0	0	22	0	24	25
598	1	0	3	4	5	0	7	0	0	0	11	12	0	14	15	0	0	18	19	20	21	22	0	0	25
599	0	2	0	4	5	6	7	0	9	0	0	12	13	0	0	16	0	18	0	20	21	22	23	24	0
600	1	0	3	0	5	6	0	8	9	10	11	0	0	0	0	16	17	18	19	0	0	22	23	0	25
601	1	0	3	0	5	6	7	0	9	10	11	12	13	14	0	16	0	0	19	20	0	0	0	0	25
602	1	2	0	0	5	6	7	8	9	10	11	12	13	0	0	0	0	18	0	0	0	22	23	0	25
603	0	2	0	4	5	6	0	8	0	10	0	12	13	0	15	16	0	0	19	20	21	22	23	0	0
604	1	2	0	0	0	6	7	0	9	0	0	12	13	14	15	0	0	18	19	20	0	22	0	24	25
605	0	2	3	4	5	0	7	0	0	10	11	0	13	14	0	16	17	18	0	0	21	0	23	0	25
606	0	2	3	0	0	6	7	8	0	10	0	12	0	14	15	16	0	18	0	0	0	22	23	24	25
607	0	0	3	0	5	0	7	0	9	0	0	12	0	0	15	16	17	18	19	20	21	22	0	24	25
608	1	2	3	0	5	0	7	8	0	10	0	0	13	14	0	16	17	18	19	0	0	0	23	0	25
609	1	2	0	4	0	0	7	0	9	10	11	12	0	14	15	16	0	0	19	20	0	0	23	0	25
610	1	2	0	4	0	6	7	8	0	10	0	12	13	14	15	16	0	0	0	0	21	22	0	0	25
611	0	2	3	4	5	6	0	8	9	0	0	0	13	14	0	16	0	18	19	20	21	0	23	0	0
612	1	2	3	0	0	6	7	0	9	10	0	0	13	0	15	16	17	18	19	0	0	0	23	0	25
613	0	2	0	0	5	6	7	0	0	10	11	12	13	14	0	16	17	0	0	20	0	22	23	0	25
614	1	0	0	0	5	6	7	0	9	0	11	12	13	0	0	16	17	18	19	20	0	22	23	0	0
615	1	2	0	4	0	0	7	8	0	0	11	12	0	0	0	0	17	0	19	20	21	22	23	24	25
616	1	2	0	0	0	6	0	0	9	10	0	12	0	0	15	16	17	18	19	0	21	22	0	24	25
617	1	2	3	4	5	0	7	0	0	10	0	0	0	14	15	16	0	0	19	0	21	22	0	24	25
618	1	2	0	4	5	6	7	0	9	0	0	12	13	0	0	0	17	0	19	20	21	22	0	24	0
619	1	0	3	4	0	0	7	8	9	0	0	0	13	14	0	0	17	18	19	20	21	0	23	0	25
620	1	0	0	0	5	6	7	0	0	10	11	12	0	14	15	16	0	18	19	20	21	22	0	0	0
621	1	2	3	0	5	6	0	8	9	10	0	12	0	0	15	16	0	0	0	20	0	22	0	24	25
622	0	2	3	4	5	6	7	0	9	10	11	12	13	0	15	0	17	18	0	0	21	0	0	0	0
623	1	2	3	4	5	0	0	8	9	10	11	12	0	0	15	0	0	0	0	20	0	22	23	0	25
624	1	2	0	4	5	6	7	0	9	0	11	12	0	0	0	16	17	18	0	20	21	0	0	24	0
625	1	2	3	0	0	6	0	8	0	10	11	0	13	14	15	16	17	0	0	0	0	22	23	24	0
626	1	2	3	4	5	0	7	8	9	0	11	0	13	0	0	0	17	0	19	0	21	0	23	24	0
627	1	2	3	4	0	6	0	0	0	10	0	12	0	14	15	0	17	0	0	0	21	22	23	24	25
628	0	2	3	4	0	0	7	8	9	10	11	0	13	0	15	0	0	18	19	0	0	22	23	0	25
629	1	2	0	4	5	6	7	0	9	0	0	12	0	14	15	0	17	0	19	0	21	22	0	0	25
630	1	2	0	4	0	6	7	0	0	0	0	12	13	14	0	0	17	18	0	20	0	22	23	24	25
631	0	2	3	0	5	0	7	8	9	10	0	0	13	14	0	16	17	18	19	20	21	0	0	0	0
632	1	0	0	4	0	6	0	8	0	10	11	0	13	14	0	16	17	0	0	20	21	22	0	24	25
633	0	2	3	0	0	6	7	8	9	10	0	12	0	0	0	0	0	18	0	20	21	22	23	24	25
634	0	2	3	4	5	0	0	0	9	10	11	12	0	14	15	0	0	18	19	20	21	22	0	0	0
635	1	0	0	4	5	6	7	8	9	0	11	12	13	0	0	0	0	18	19	20	0	22	0	24	0
636	1	2	3	4	0	6	0	0	0	10	0	12	13	14	0	16	0	0	19	20	21	0	23	0	25
637	0	2	0	4	0	6	7	0	9	0	0	0	13	0	0	16	17	18	19	20	21	22	23	0	25
638	1	2	3	4	0	0	0	0	9	0	11	0	13	14	0	16	0	18	19	0	21	0	23	24	25
639	1	2	0	4	5	6	0	8	9	10	0	12	0	0	0	16	0	0	19	20	21	22	0	24	0
640	1	0	3	4	5	0	0	0	9	0	11	0	13	14	0	16	0	18	19	20	21	22	23	0	0
641	0	2	3	0	0	6	7	8	9	0	11	0	13	0	0	16	0	18	19	20	21	22	0	24	0
642	1	2	0	4	5	0	0	8	0	10	11	12	13	0	0	0	0	18	19	20	21	22	0	0	25
643	1	2	0	4	0	0	7	8	9	10	0	0	13	0	0	16	17	0	19	0	21	22	23	24	0
644	0	2	3	0	5	6	7	8	9	0	0	12	13	14	15	0	0	18	0	0	21	22	0	24	0
645	0	0	0	4	5	0	0	8	9	10	11	0	13	0	0	16	0	18	19	20	21	22	23	0	25
646	1	0	3	0	5	6	0	0	9	10	0	0	0	14	15	0	17	18	19	20	21	0	23	0	25
647	0	0	0	4	0	6	7	8	9	0	11	0	13	14	0	0	17	18	19	20	0	22	23	0	25
648	0	2	0	4	0	6	0	8	9	10	11	0	13	0	15	16	0	18	19	20	21	22	0	0	0
649	1	2	0	4	5	6	0	8	9	10	11	0	0	14	15	0	17	0	0	0	21	22	0	24	0
650	1	0	3	0	0	0	7	8	0	10	0	0	13	14	0	16	17	0	19	20	21	0	23	24	25
651	1	0	0	4	5	6	0	8	0	10	0	0	13	14	15	0	17	18	19	20	0	0	0	24	25
652	0	2	0	0	5	0	7	0	9	10	11	0	13	14	0	16	17	18	19	20	21	0	23	0	0
653	1	2	3	0	0	0	7	8	0	0	0	12	13	14	0	16	17	0	19	20	21	22	23	0	0
654	1	2	3	0	0	0	7	0	0	0	0	12	13	14	0	16	17	18	19	20	0	22	23	0	25
655	0	2	0	0	5	0	7	8	0	10	11	0	13	14	15	0	0	0	19	20	21	0	23	24	25
656	0	2	3	0	5	0	7	8	9	0	11	0	13	14	15	0	0	18	0	20	0	22	23	0	25
657	0	2	3	4	5	6	0	8	0	10	0	12	13	0	15	0	17	0	19	0	0	0	23	24	25
658	1	0	0	4	5	6	7	0	9	10	11	0	0	14	15	0	17	0	0	0	21	0	23	24	25
659	1	0	3	4	5	6	0	8	9	10	11	12	0	0	15	0	0	0	19	20	0	0	23	24	0
660	0	0	3	4	5	6	7	8	9	0	0	12	0	14	15	16	17	0	19	0	0	0	0	24	25
661	1	0	3	0	0	6	7	0	0	10	11	12	0	0	15	0	17	18	19	20	0	22	23	24	0
662	1	2	3	0	0	6	7	8	9	0	11	0	13	14	15	16	0	0	19	20	0	22	0	0	0
663	0	2	0	4	5	6	7	0	9	0	11	0	13	0	0	16	17	0	19	0	21	22	23	24	0
664	1	0	3	4	0	0	7	0	0	10	0	0	13	14	15	16	17	18	0	20	21	0	23	24	0
665	0	2	3	0	0	6	7	0	0	0	0	12	13	14	15	0	17	18	0	20	21	22	0	24	25
666	1	2	0	4	0	6	7	0	0	0	11	12	0	14	15	16	0	18	0	20	21	0	0	24	25
667	0	0	3	4	5	6	0	8	0	10	0	0	13	0	15	0	17	18	19	20	21	0	0	24	25
668	1	2	0	0	0	0	7	0	9	10	11	12	13	0	15	16	17	0	0	20	0	0	23	24	25
669	0	2	0	4	5	6	0	0	0	0	0	12	13	0	15	16	17	18	19	0	0	22	23	24	25
670	1	0	0	0	0	0	7	8	0	10	0	12	13	14	15	0	17	18	0	20	21	22	23	0	25
671	0	0	0	4	5	0	7	8	9	10	11	12	13	14	0	0	0	18	19	20	0	22	0	24	0
672	1	2	0	4	0	6	0	0	9	10	11	12	0	0	15	0	17	0	19	0	21	0	23	24	25
673	0	2	0	4	5	0	7	8	9	10	11	12	13	14	15	0	17	0	19	20	0	0	0	0	0
674	0	2	3	0	0	0	0	8	0	10	11	0	0	14	15	16	0	18	19	20	0	22	23	24	25
675	0	2	3	4	5	0	7	0	0	10	11	0	13	14	15	16	17	0	0	0	0	22	23	24	0
676	0	2	0	4	5	6	0	8	0	10	0	12	13	0	15	16	0	0	19	20	21	0	0	24	25
677	1	2	0	0	5	6	7	8	0	10	11	12	13	0	15	16	0	0	19	0	0	0	23	0	25
678	0	2	3	0	5	0	7	0	9	10	0	12	0	0	15	0	0	18	19	20	21	0	23	24	25
679	0	2	0	0	0	0	7	8	0	10	11	12	13	14	15	0	17	18	19	20	21	22	0	0	0
680	0	0	3	4	0	6	7	8	9	0	0	12	13	14	0	16	0	18	19	20	21	22	0	0	0
681	0	2	3	4	0	6	7	8	0	10	11	12	0	14	15	16	0	18	19	0	0	0	23	0	0
682	1	2	0	4	5	6	7	8	0	0	11	0	0	14	0	0	17	18	19	0	0	22	0	24	25
683	1	2	0	4	5	6	7	8	9	10	11	12	13	0	15	0	0	0	0	0	0	0	23	24	0
684	1	0	0	4	5	0	0	8	0	10	11	12	13	14	0	16	0	0	0	20	21	22	0	24	25
685	1	0	3	4	0	0	0	0	9	0	0	12	13	0	15	0	17	0	19	20	21	22	23	24	25
686	1	0	3	4	0	6	7	0	0	10	0	12	13	0	0	16	0	0	19	20	0	22	23	24	25
687	1	2	3	4	0	6	0	0	9	0	0	12	13	0	15	0	0	18	19	20	0	0	23	24	25
688	1	2	3	4	0	0	7	0	9	0	11	12	0	14	0	16	0	0	19	0	21	22	23	24	0
689	0	2	3	4	5	6	7	8	0	0	11	12	13	0	15	0	17	0	0	0	0	22	23	24	0
690	1	2	3	0	0	0	0	0	9	10	11	12	13	14	15	0	0	18	19	20	0	0	0	24	25
691	1	2	3	0	0	6	7	8	9	0	11	0	13	0	0	0	17	18	19	20	0	22	23	0	0
692	1	2	0	4	0	6	7	0	0	10	11	12	0	0	0	0	17	18	19	0	21	22	23	24	0
693	1	2	3	4	0	6	7	0	9	10	11	0	0	14	0	16	17	0	19	0	21	22	0	0	0
694	1	0	3	0	0	6	0	8	9	10	11	0	0	14	15	16	0	18	19	20	21	0	0	24	0
695	0	2	3	4	5	0	0	0	0	0	11	0	13	14	0	0	17	18	19	20	21	22	0	24	25
696	1	0	0	4	5	0	7	0	9	10	11	0	13	14	15	16	0	0	0	20	21	22	0	24	0
697	1	2	3	0	0	0	7	8	0	0	11	0	0	14	15	16	0	18	19	0	0	22	23	24	25
698	0	2	3	4	0	6	7	0	9	10	0	12	0	14	15	0	0	18	0	20	21	22	0	24	0
699	0	2	3	4	0	6	0	8	9	10	0	0	0	0	15	16	0	18	19	0	21	22	23	0	25
700	1	2	0	0	0	6	7	8	9	10	0	0	13	14	0	16	0	18	19	0	21	22	0	0	25
701	0	0	3	4	0	0	0	8	0	10	0	12	13	14	0	16	17	0	19	20	21	22	23	0	25
702	1	2	3	4	5	6	7	8	9	10	0	0	13	14	0	0	0	0	0	20	0	0	23	0	25
703	0	2	0	0	5	0	0	8	0	10	11	0	0	14	15	0	17	18	0	20	21	22	23	24	25
704	0	2	3	0	5	6	0	8	0	10	11	0	13	14	15	16	17	0	0	0	0	22	23	24	0
705	0	0	3	4	0	6	7	8	9	0	11	12	0	14	15	16	0	0	0	20	21	22	0	0	25
706	1	2	3	4	0	6	0	8	0	0	0	12	13	0	0	16	0	18	19	0	21	22	0	24	25
707	0	0	3	4	0	6	7	8	0	0	11	12	0	14	15	16	17	0	0	20	21	0	0	24	25
708	1	2	3	4	5	6	0	0	9	0	11	0	0	14	0	16	0	0	19	0	21	22	0	24	25
709	1	0	3	0	0	6	7	8	0	0	11	12	0	14	15	16	0	18	19	20	0	22	23	0	0
710	0	2	3	4	0	6	0	0	0	0	0	12	0	14	15	0	17	18	19	20	21	22	0	24	25
711	1	2	0	4	5	6	7	0	0	10	0	12	13	0	15	16	0	18	0	0	21	22	0	24	0
712	1	0	0	4	0	0	0	8	9	0	0	12	0	14	15	16	17	18	0	20	21	22	23	0	25
713	0	2	3	4	5	6	0	0	0	0	11	0	13	14	15	0	0	0	19	0	21	22	23	24	25
714	0	0	0	4	0	6	7	8	9	10	11	12	13	14	15	0	17	0	19	0	21	22	0	0	0
715	1	0	3	0	5	0	0	8	0	10	11	0	13	14	15	0	0	18	0	20	0	22	23	24	25
716	1	0	3	0	5	0	7	8	0	0	11	12	0	14	15	16	0	18	0	20	21	0	23	0	25
717	1	2	3	0	5	0	7	8	9	0	11	0	0	14	0	16	0	18	0	20	21	0	23	0	25
718	0	0	3	4	0	0	7	0	9	0	11	0	13	14	15	0	17	0	19	0	21	22	23	24	25
719	0	2	0	0	0	0	7	8	9	10	11	0	13	0	15	16	0	18	19	0	0	22	23	24	25
720	0	0	0	4	0	0	7	0	9	10	11	12	13	0	0	16	17	18	0	20	21	0	23	24	25
721	1	2	3	4	5	0	7	8	9	10	11	12	0	14	15	0	0	0	19	0	21	0	0	0	0
722	1	0	3	0	5	6	7	8	0	10	0	0	13	14	0	16	17	0	19	20	0	0	23	24	0
723	0	2	3	4	5	0	7	8	9	10	11	12	0	14	15	0	0	18	0	20	0	0	0	24	0
724	1	0	3	0	5	6	7	0	0	10	0	12	0	14	15	0	0	18	19	20	0	0	23	24	25
725	1	0	0	0	5	6	7	0	9	10	0	12	13	0	15	16	17	18	0	0	21	0	0	24	25
726	1	2	0	4	0	0	7	0	9	10	11	0	13	14	15	16	0	0	0	20	21	0	0	24	25
727	0	0	3	4	0	6	7	8	9	0	11	0	0	0	0	16	0	18	0	20	21	22	23	24	25
728	0	0	3	4	0	6	7	8	0	10	11	0	13	0	0	16	0	0	19	20	21	22	23	0	25
729	1	2	3	4	0	6	7	0	9	10	0	12	0	14	15	0	17	0	0	0	0	22	23	0	25
730	1	0	3	4	0	0	0	8	0	0	11	12	0	14	0	16	0	18	19	20	21	22	0	24	25
731	0	0	3	4	0	6	7	8	0	0	11	12	0	14	15	0	17	18	19	0	21	22	0	24	0
732	1	0	0	4	0	0	0	8	9	10	11	0	13	14	0	0	17	0	0	20	21	22	23	24	25
733	1	0	0	4	5	6	7	8	0	0	11	12	0	14	0	16	0	18	19	20	0	22	0	24	0
734	0	2	3	0	0	6	0	8	9	10	0	0	13	0	15	0	17	18	19	20	21	0	23	24	0
735	0	0	0	0	5	6	0	8	0	10	11	12	13	14	0	0	17	0	19	20	21	22	0	24	25
736	0	2	3	4	5	6	0	8	9	10	0	0	13	0	15	16	17	0	19	0	21	0	23	0	0
737	0	2	3	4	5	6	7	8	0	10	0	12	0	14	0	16	17	18	0	0	0	22	0	0	25
738	0	2	0	0	0	6	7	0	9	0	11	12	13	14	0	16	0	18	19	20	0	0	23	24	25
739	0	2	3	4	0	0	0	8	9	10	11	0	0	14	0	0	17	0	0	20	21	22	23	24	25
740	1	0	0	4	5	0	0	0	9	10	11	12	13	14	0	0	0	0	19	0	21	22	23	24	25
741	0	2	3	0	5	0	7	0	0	10	11	12	13	14	0	16	17	18	0	0	21	0	0	24	25
742	1	0	3	0	5	6	7	8	9	0	11	0	13	14	15	0	0	0	19	20	21	0	23	0	0
743	1	2	3	0	0	6	0	0	9	10	11	12	0	14	15	0	17	0	0	0	21	22	23	24	0
744	1	0	3	4	0	6	7	0	9	10	11	12	13	0	15	16	0	0	19	0	0	0	23	24	0
745	1	0	3	0	0	6	7	8	9	0	11	12	13	0	0	16	17	0	0	20	0	22	0	24	25
746	0	2	3	4	5	0	0	8	9	10	0	0	0	0	0	16	17	18	19	20	21	0	0	24	25
747	1	2	3	4	0	6	7	0	0	10	0	12	13	0	15	16	17	0	0	20	0	0	23	24	0
748	1	0	3	4	5	6	0	8	9	10	0	12	0	0	15	0	17	18	0	20	21	0	23	0	0
749	1	2	3	4	0	6	7	8	0	0	11	0	13	14	15	0	0	18	19	0	0	22	0	24	0
750	0	2	3	4	5	0	7	0	9	10	11	0	13	0	15	0	0	0	19	20	21	0	0	24	25
751	0	0	3	0	5	6	0	8	9	0	0	12	13	14	0	16	17	0	19	20	21	22	23	0	0
752	1	0	0	4	5	6	7	8	0	0	0	12	13	14	0	16	0	18	19	0	21	0	0	24	25
753	1	0	3	4	5	6	7	8	0	0	11	0	13	14	0	0	17	0	0	20	21	22	0	0	25
754	1	0	0	4	5	0	7	0	0	0	0	0	13	0	15	16	17	18	19	20	0	22	23	24	25
755	1	2	3	0	5	0	7	8	0	10	11	12	13	14	0	16	17	0	0	0	0	0	0	24	25
756	0	0	3	0	5	6	7	8	0	10	0	0	13	14	15	16	17	0	0	20	0	22	23	0	25
757	1	0	3	4	0	0	0	8	9	10	11	0	13	14	15	0	17	18	0	20	21	0	23	0	0
758	1	2	0	4	5	6	0	0	0	0	11	12	0	0	15	16	17	18	0	20	0	0	23	24	25
759	0	2	0	0	5	0	7	8	9	10	0	0	0	0	15	16	17	18	19	20	0	0	23	24	25
760	1	2	3	0	0	0	7	0	9	10	11	12	13	0	15	16	17	0	0	0	0	0	23	24	25
761	1	0	0	4	5	6	0	0	0	10	11	12	13	14	15	16	0	0	19	20	0	22	0	24	0
762	1	2	3	0	5	6	7	0	9	10	11	12	13	14	0	0	17	0	0	0	21	22	0	0	0
763	1	2	3	4	0	6	7	0	0	0	0	0	13	14	0	16	17	18	0	0	21	22	0	24	25
764	1	0	3	4	0	6	0	8	9	0	11	12	0	14	0	16	17	0	19	0	0	0	23	24	25
765	1	2	3	0	0	0	7	8	9	10	0	12	13	14	0	0	0	18	0	20	0	0	23	24	25
766	1	0	3	0	5	6	7	0	9	0	0	12	13	14	15	16	0	18	0	0	21	0	0	24	25
767	1	0	3	4	5	0	7	8	0	10	11	12	0	0	15	0	17	0	19	0	0	22	23	24	0
768	1	0	3	0	5	6	0	0	0	0	11	12	13	14	15	0	17	0	19	20	0	0	23	24	25
769	0	0	3	4	5	0	7	0	0	10	11	0	13	0	15	16	17	0	19	20	0	22	23	0	25
770	1	0	3	4	5	6	0	0	9	0	11	12	0	0	0	16	17	18	0	0	21	22	0	24	25
771	0	2	0	4	5	6	7	8	9	10	0	0	0	14	0	16	17	0	0	20	0	22	23	0	25
772	0	2	0	4	0	6	7	8	9	10	11	12	0	0	15	16	0	0	0	20	0	0	23	24	25
773	0	2	0	0	5	6	7	8	0	10	11	0	13	0	15	0	17	18	0	20	0	22	0	24	25
774	1	0	3	4	5	6	0	8	9	0	11	12	0	14	15	0	0	18	19	0	0	22	0	0	25
775	0	2	3	0	0	6	7	8	9	10	0	12	13	14	0	16	17	18	19	20	0	0	0	0	0
776	1	2	3	4	0	0	0	0	0	10	11	12	13	14	0	0	0	18	19	20	0	22	23	24	0
777	0	2	3	0	0	6	0	0	9	0	11	12	13	14	15	16	0	0	0	20	21	0	23	24	25
778	0	2	0	0	5	6	7	0	9	10	11	0	13	0	15	16	0	0	19	20	0	22	0	24	25
779	0	0	0	4	5	0	0	8	9	0	11	12	13	14	0	16	17	0	19	20	21	22	23	0	0
780	0	0	3	0	0	6	7	8	0	10	0	0	13	0	15	16	17	18	19	20	21	0	0	24	25
781	1	2	0	4	0	0	0	8	9	10	11	0	0	14	15	16	17	0	19	20	0	22	0	0	25
782	0	0	0	0	5	0	0	8	9	10	11	12	13	14	15	16	17	18	19	20	21	0	0	0	0
783	1	2	0	0	5	6	7	8	0	0	11	0	13	0	15	16	0	0	19	20	21	22	0	24	0
784	1	2	3	4	0	0	7	0	0	0	11	12	13	0	15	0	0	18	0	20	21	22	23	0	25
785	1	2	0	4	0	6	7	0	0	10	11	12	13	0	15	16	17	0	19	0	21	0	23	0	0
786	0	2	0	4	5	6	0	8	0	10	11	12	13	0	15	0	17	0	0	0	21	0	23	24	25
787	1	0	0	4	5	0	0	8	9	10	11	12	13	14	0	16	17	0	19	20	0	0	23	0	0
788	1	0	3	4	0	0	0	8	9	10	11	12	0	0	0	16	0	0	19	0	21	22	23	24	25
789	0	2	3	4	0	0	0	8	0	10	11	12	0	14	15	16	0	18	19	0	21	22	0	24	0
790	0	0	3	0	0	6	7	8	0	10	0	12	13	0	0	16	0	18	19	20	0	22	23	24	25
791	1	2	3	0	5	6	7	8	0	10	11	0	13	14	0	0	0	0	0	0	21	22	23	0	25
792	1	2	3	0	0	6	0	8	9	10	0	12	0	14	0	0	0	18	19	20	21	0	23	0	25
793	0	2	0	4	5	0	7	0	9	0	11	12	0	14	0	16	17	18	0	20	21	0	23	0	25
794	1	2	3	4	5	6	0	8	9	0	11	0	0	14	15	0	0	0	0	20	0	0	23	24	25
795	1	2	3	4	0	6	7	8	9	10	0	12	0	14	0	16	0	0	0	0	21	22	0	24	0
796	0	2	3	4	0	6	7	8	0	10	11	0	0	14	0	16	17	18	0	20	21	0	0	24	0
797	0	2	3	0	5	6	7	8	0	0	11	0	0	0	15	0	17	18	19	20	21	0	0	24	25
798	1	0	3	0	5	6	0	8	0	10	11	0	13	0	15	16	0	18	19	0	0	22	23	24	0
799	0	0	3	4	0	6	0	8	0	0	11	0	13	14	15	16	0	0	19	0	21	22	23	24	25
800	0	0	3	4	0	6	7	8	9	10	11	12	13	0	0	16	0	0	0	20	21	22	0	24	0
801	1	0	3	4	5	6	7	0	0	10	0	12	0	0	15	0	17	18	19	0	21	0	23	0	25
802	1	0	3	4	5	0	0	8	9	10	0	12	13	14	0	0	0	18	0	20	21	22	0	0	25
803	1	0	0	4	5	0	0	0	0	0	0	12	0	14	15	16	17	18	19	20	21	0	23	24	25
804	1	0	3	4	5	6	7	8	0	0	0	0	13	0	15	0	17	18	0	20	21	0	23	24	0
805	1	2	0	4	0	6	7	0	9	0	11	0	13	14	0	16	17	0	0	20	0	22	0	24	25
806	1	2	3	0	5	6	7	8	0	10	0	0	0	14	15	16	0	0	19	20	0	0	0	24	25
807	0	2	3	4	5	0	7	8	0	10	11	0	13	0	0	0	0	18	19	0	21	22	0	24	25
808	0	0	0	4	0	6	7	0	0	10	11	12	0	14	0	16	17	18	0	20	21	22	0	24	25
809	1	2	0	4	5	0	7	0	9	0	0	0	13	0	0	16	0	18	19	0	21	22	23	24	25
810	1	0	3	0	0	6	7	0	9	0	11	12	0	0	15	16	17	18	0	0	21	22	23	24	0
811	1	2	3	4	5	6	7	0	9	10	0	12	0	14	0	0	17	0	19	20	0	22	0	0	0
812	1	0	3	0	5	0	7	8	0	0	11	0	0	14	0	0	17	18	19	20	21	0	23	24	25
813	1	0	3	4	5	6	7	8	0	10	0	12	0	0	0	16	0	0	19	0	21	0	23	24	25
814	0	0	3	4	0	0	0	8	0	10	11	12	13	14	0	0	17	0	19	20	21	22	23	24	0
815	0	0	0	0	0	6	7	8	0	10	11	0	0	14	15	0	17	18	0	20	21	22	23	24	25
816	0	2	3	0	5	0	0	8	9	10	11	12	13	0	15	16	17	0	19	0	0	0	23	0	25
817	1	2	3	4	5	0	0	8	0	10	11	12	0	0	0	0	17	18	0	20	0	0	23	24	25
818	0	0	0	4	5	6	0	8	0	10	11	0	13	14	0	16	0	0	19	20	0	22	23	24	25
819	0	0	3	4	5	6	7	8	9	10	11	12	0	0	0	0	0	18	19	20	21	22	0	0	0
820	1	2	3	0	5	6	7	8	9	10	0	0	13	0	15	16	0	0	0	0	0	22	23	24	0
821	0	0	3	4	5	0	7	0	9	10	11	12	0	14	0	16	17	0	0	0	21	0	23	24	25
822	0	2	3	0	5	0	0	0	0	0	11	12	0	14	15	16	17	18	19	0	21	22	23	24	0
823	1	2	0	4	5	0	0	0	9	0	11	12	13	14	0	16	0	0	19	20	0	22	0	24	25
824	0	2	3	4	0	0	7	0	0	0	11	12	13	14	15	0	0	0	19	20	21	22	0	24	25
825	1	0	0	0	0	6	7	8	9	10	11	0	13	14	15	0	17	0	19	0	0	22	23	0	25
826	0	0	3	0	5	6	0	0	0	0	0	12	13	14	15	16	17	18	19	20	21	0	23	24	0
827	1	2	0	4	5	0	7	0	9	10	0	12	13	14	0	16	17	0	0	0	21	22	0	24	0
828	1	0	0	0	0	6	7	8	9	0	0	12	0	14	15	0	17	0	19	20	0	22	23	24	25
829	0	2	0	0	5	0	7	8	9	0	11	0	13	14	0	16	17	18	0	0	0	22	23	24	25
830	1	0	0	4	0	6	0	0	9	10	11	12	13	14	0	16	17	0	19	0	21	0	23	24	0
831	1	2	3	0	5	0	0	0	9	10	11	12	0	14	0	16	17	18	0	20	21	22	0	0	0
832	0	2	0	0	5	6	7	8	0	10	11	12	0	0	15	16	0	0	19	0	0	22	23	24	25
833	0	2	0	0	5	6	7	0	0	10	11	12	13	0	0	16	17	18	19	20	0	22	0	0	25
834	0	2	0	4	0	0	7	8	9	10	11	0	0	14	0	16	0	18	19	20	21	22	23	0	0
835	1	2	0	4	0	6	0	8	0	0	0	12	0	14	15	16	17	18	19	0	21	0	0	24	25
836	0	2	0	4	0	0	7	8	9	10	0	12	0	14	15	16	0	18	0	20	21	22	0	0	25
837	1	0	3	0	0	0	7	8	0	10	11	12	13	14	15	16	0	18	0	20	0	22	0	24	0
838	0	2	0	4	5	0	7	0	9	10	11	0	0	14	15	16	0	18	0	20	21	0	23	24	0
839	0	2	3	4	0	6	7	8	0	0	0	0	13	14	0	16	17	0	19	0	21	22	0	24	25
840	0	2	0	4	0	6	0	0	9	0	11	12	13	0	0	0	17	18	19	20	21	22	23	0	25
841	1	0	3	0	5	6	0	8	0	10	0	12	13	14	15	16	17	0	0	20	21	0	0	24	0
842	0	0	3	4	5	0	7	0	0	10	11	0	13	14	15	0	0	18	19	20	21	22	0	24	0
843	0	0	3	4	0	0	7	8	0	0	11	12	13	0	15	16	17	0	19	20	21	22	0	24	0
844	1	0	3	0	5	0	7	8	9	10	0	12	0	0	15	16	17	0	19	0	0	22	0	24	25
845	0	2	0	4	0	6	7	0	0	0	11	12	0	14	0	16	0	18	19	0	21	22	23	24	25
846	1	0	0	4	0	6	0	0	9	10	11	0	13	14	15	0	0	0	19	20	21	0	23	24	25
847	1	0	3	0	5	6	7	0	9	10	11	0	13	14	0	0	17	18	0	20	21	0	0	0	25
848	0	2	3	0	5	0	0	8	9	0	0	0	13	14	0	16	17	18	19	0	21	0	23	24	25
849	1	0	0	4	5	0	0	0	0	10	0	12	13	14	15	16	17	18	0	20	0	0	23	24	25
850	0	2	3	0	5	0	7	8	0	10	0	0	13	14	0	0	0	18	19	20	21	22	23	24	0
851	1	0	0	4	5	6	7	0	0	10	0	0	13	14	15	0	17	18	19	20	0	22	0	24	0
852	1	2	3	4	5	0	0	8	0	0	11	12	0	0	0	16	0	18	0	20	21	0	23	24	25
853	0	2	3	0	5	6	0	8	9	0	11	12	0	0	0	0	17	18	19	20	21	22	23	0	0
854	1	2	3	0	5	0	0	8	9	10	0	0	13	14	15	0	17	18	0	20	21	22	0	0	0
855	1	0	3	4	0	0	0	8	9	10	11	0	13	14	15	0	17	18	0	0	0	0	23	24	25
856	0	2	3	0	0	0	7	8	9	0	11	12	13	0	15	16	0	0	19	20	0	22	23	0	25
857	1	0	3	4	0	6	0	8	0	0	11	0	13	14	15	16	0	18	19	20	21	0	0	24	0
858	1	0	3	4	5	6	0	8	9	0	11	12	0	0	0	0	17	0	19	20	0	22	23	0	25
859	1	2	3	4	5	6	0	0	9	10	11	0	13	14	0	0	17	18	19	20	0	0	0	0	0
860	0	0	3	4	5	6	7	0	9	10	0	0	13	14	15	16	0	0	19	0	0	22	0	24	25
861	1	2	3	4	0	6	7	0	9	10	11	0	0	14	15	0	17	0	19	0	0	22	23	0	0
862	1	2	3	4	5	0	0	0	0	10	0	0	13	14	15	0	17	18	19	20	0	0	23	24	0
863	1	0	3	4	0	0	7	8	0	0	0	0	13	0	15	16	17	18	19	0	0	22	23	24	25
864	0	0	3	0	0	6	0	8	0	10	0	12	13	0	15	16	17	18	19	0	21	22	23	24	0
865	1	0	3	4	5	6	7	0	0	10	0	0	13	0	0	0	0	18	19	20	21	22	23	0	25
866	1	2	3	0	5	0	7	8	9	10	11	0	13	14	0	0	0	18	0	20	0	0	23	24	0
867	0	2	3	4	5	6	7	8	0	10	0	12	13	14	15	0	0	0	0	0	21	22	0	0	25
868	1	2	3	0	0	0	0	8	9	10	0	12	13	14	0	16	17	0	19	0	21	22	0	24	0
869	1	0	3	0	0	6	0	0	9	10	11	12	0	14	0	0	0	18	0	20	21	22	23	24	25
870	1	2	0	4	5	6	7	8	0	10	0	12	13	14	0	16	17	18	0	0	0	0	23	0	0
871	0	2	0	4	0	6	0	8	9	10	0	12	13	14	15	0	17	0	19	0	0	22	23	24	0
872	1	2	0	4	5	6	7	0	9	10	0	12	13	14	0	0	17	18	0	0	0	22	23	0	0
873	0	2	3	0	0	6	7	8	9	0	11	12	13	14	15	0	17	18	0	0	0	22	0	0	25
874	1	2	0	4	5	6	7	8	9	10	0	0	0	0	0	16	0	0	19	20	21	0	23	0	25
875	0	2	0	4	0	6	0	8	9	10	0	12	13	0	15	0	0	18	0	0	21	22	23	24	25
876	0	0	3	0	5	6	7	0	9	0	0	12	13	14	0	16	0	18	0	20	21	0	23	24	25
877	0	0	3	0	0	0	7	8	9	10	11	0	13	14	15	16	0	18	19	0	21	0	23	0	25
878	1	2	3	0	5	6	7	0	0	10	0	12	13	14	0	16	0	0	19	0	0	22	23	0	25
879	0	2	3	4	0	0	7	0	9	10	0	12	13	0	15	16	0	18	0	0	21	22	0	24	25
880	0	2	0	0	5	6	7	8	0	10	0	0	0	14	0	16	0	18	19	0	21	22	23	24	25
881	1	0	3	4	5	6	7	8	9	0	0	0	0	0	15	16	0	0	19	20	21	22	23	0	0
882	1	2	0	0	0	0	7	8	0	10	11	12	13	14	0	0	17	18	19	0	0	22	0	24	25
883	0	0	3	0	5	6	7	8	9	10	0	12	0	0	0	16	17	18	19	0	21	22	0	0	25
884	1	0	0	4	0	0	7	8	9	10	0	12	13	0	15	0	17	18	19	20	21	0	0	0	25
885	0	2	0	0	5	0	7	8	9	0	11	12	0	0	15	16	17	18	19	0	0	22	23	24	0
886	1	0	3	4	0	0	7	8	0	10	11	12	13	0	15	16	17	0	0	20	21	0	23	0	0
887	1	0	0	0	0	6	0	8	0	10	11	12	0	0	15	0	17	18	19	20	21	0	23	24	25
888	1	0	3	0	0	6	0	0	0	0	11	12	13	14	0	16	17	18	19	20	21	22	0	24	0
889	0	2	0	4	5	6	7	0	9	0	11	12	13	0	0	16	0	18	19	0	21	22	0	0	25
890	1	2	3	4	5	6	7	8	0	0	11	0	0	0	0	16	17	18	19	0	0	0	23	24	0
891	1	0	0	0	5	6	7	8	0	0	0	12	0	14	15	16	17	0	19	0	21	0	23	24	25
892	1	2	3	0	5	6	0	0	0	10	0	0	13	14	0	16	17	0	19	20	21	22	0	24	0
893	1	2	3	4	5	6	0	8	9	0	11	0	0	0	15	16	0	0	0	20	0	22	23	24	0
894	1	2	0	0	5	6	0	0	9	0	0	12	13	14	15	0	0	18	19	0	21	22	0	24	25
895	0	2	3	4	5	6	0	8	0	0	11	12	13	0	0	16	17	18	19	0	21	0	0	0	25
896	1	2	3	4	0	6	7	8	0	0	0	12	13	0	15	0	17	18	19	20	0	0	23	0	0
897	1	2	0	0	5	0	7	8	9	10	11	0	13	14	0	16	17	18	0	0	21	0	23	0	0
898	1	0	0	4	0	6	0	8	9	10	11	12	13	14	0	0	0	18	0	20	21	0	0	24	25
899	1	0	0	4	0	0	7	0	9	10	0	12	0	14	15	16	17	18	0	20	21	0	23	0	25
900	1	2	0	0	0	6	7	8	0	10	11	12	13	0	15	0	0	18	0	20	0	22	0	24	25
901	1	2	0	4	0	6	7	0	0	10	0	12	13	14	0	16	0	18	0	0	0	22	23	24	25
902	1	2	3	4	5	6	0	8	9	0	11	0	0	0	0	0	17	0	0	20	21	0	23	24	25
903	1	2	3	4	5	6	0	8	0	10	11	0	13	0	15	16	0	18	0	20	0	22	0	0	0
904	1	0	0	0	5	6	7	0	9	10	0	12	13	0	0	16	17	18	19	20	0	22	0	24	0
905	1	0	0	4	0	6	0	8	0	10	11	12	13	14	0	16	17	0	0	20	21	22	23	0	0
906	1	2	3	0	5	6	7	8	9	10	0	12	0	0	0	0	17	18	0	0	21	22	0	24	0
907	0	2	3	4	5	0	7	8	0	10	0	0	13	14	15	16	0	0	0	20	21	22	23	0	0
908	1	2	0	4	0	6	7	0	9	10	0	12	13	0	15	0	17	18	0	0	0	0	23	24	25
909	1	2	3	0	5	6	7	8	0	10	11	12	13	0	0	0	0	18	0	20	21	22	0	0	0
910	0	0	3	4	5	6	0	8	9	0	11	0	13	0	0	16	17	18	19	20	0	0	0	24	25
911	1	2	3	0	5	6	0	8	0	0	11	0	13	0	15	0	17	0	0	0	21	22	23	24	25
912	0	2	3	4	0	0	7	0	0	10	0	0	0	14	15	16	17	18	19	20	21	22	23	0	0
913	0	0	3	4	5	6	0	0	0	10	0	12	13	0	15	0	17	18	19	20	0	22	0	24	25
914	1	0	3	4	5	6	0	0	0	10	11	12	0	0	15	0	17	18	0	20	0	22	23	24	0
915	1	2	0	4	5	6	0	8	0	10	11	0	13	0	0	0	0	18	0	20	0	22	23	24	25
916	1	2	3	4	5	6	7	0	0	0	11	0	13	14	0	0	17	18	19	0	0	0	23	24	0
917	1	2	3	4	5	6	0	0	0	0	11	0	13	14	0	0	17	0	19	20	21	22	0	24	0
918	1	2	3	4	0	6	0	8	9	0	0	0	13	14	15	16	17	0	0	0	21	22	23	0	0
919	1	2	3	4	5	0	7	0	9	10	11	0	13	14	0	0	17	0	19	0	21	22	0	0	0
920	1	2	3	4	5	6	0	0	0	10	0	12	13	0	15	16	0	0	19	20	0	22	23	0	0
921	1	2	3	4	0	0	7	0	9	0	0	12	0	0	15	16	17	18	19	0	21	0	0	24	25
922	0	2	0	4	5	6	0	8	9	0	0	12	0	0	15	16	17	0	0	20	21	22	23	24	0
923	1	0	3	4	5	6	7	0	0	10	0	12	0	14	15	0	0	0	19	20	0	22	0	24	25
924	1	2	0	0	0	6	7	8	9	10	0	12	0	14	0	16	17	18	19	20	0	0	0	24	0
925	1	0	3	4	0	6	7	0	9	0	0	12	13	14	15	16	0	0	0	0	0	22	23	24	25
926	1	0	0	0	5	6	7	8	9	10	11	12	13	14	15	0	0	0	19	0	21	0	0	24	0
927	0	2	3	0	5	6	0	0	9	0	11	0	13	14	0	16	17	0	0	20	21	22	23	0	25
928	1	0	0	4	0	6	0	8	9	10	11	12	0	14	15	0	17	0	19	0	0	0	23	24	25
929	1	2	0	4	5	0	7	8	9	10	11	0	0	14	0	0	0	18	0	20	21	0	23	0	25
930	0	2	3	0	5	6	0	0	9	0	11	12	0	14	15	16	0	0	0	20	0	22	23	24	25
931	0	2	3	0	5	6	0	8	0	10	11	12	0	14	0	16	0	0	19	20	0	22	0	24	25
932	1	0	0	4	5	0	0	8	0	0	0	12	13	14	15	16	0	18	0	20	21	22	23	0	25
933	0	2	3	4	5	6	7	0	0	10	11	0	0	14	15	16	17	0	19	0	0	0	23	24	0
934	0	2	3	4	0	0	0	8	9	10	11	0	0	14	0	0	0	0	19	20	21	22	23	24	25
935	1	2	3	4	5	6	7	0	9	10	0	12	0	14	0	0	0	18	19	0	0	22	23	0	0
936	1	2	3	4	0	6	7	8	0	0	0	0	13	0	15	0	17	18	19	20	0	0	23	0	25
937	1	2	0	0	0	6	0	0	9	10	11	12	13	14	0	16	0	0	19	20	0	0	23	24	25
938	0	2	3	4	0	6	7	0	0	10	11	0	13	0	15	16	17	18	19	20	0	0	0	0	25
939	1	0	0	4	5	6	7	0	9	10	11	0	0	0	15	16	0	18	19	20	21	0	0	0	25
940	0	2	3	4	0	6	7	0	9	0	0	0	13	14	0	16	17	18	19	20	0	0	0	24	25
941	1	2	3	4	5	0	7	8	9	10	11	0	0	0	15	16	0	18	0	0	0	0	23	0	25
942	1	0	3	4	5	6	7	0	0	0	11	12	13	0	0	0	0	18	19	20	21	22	0	24	0
943	0	0	3	4	5	6	0	0	9	10	0	12	13	14	15	0	17	18	0	0	21	22	23	0	0
944	1	0	0	0	0	0	0	8	9	10	11	12	13	14	0	16	17	18	19	0	21	0	0	24	25
945	0	2	3	4	5	6	0	0	9	0	11	0	13	0	0	0	0	18	19	20	21	0	23	24	25
946	1	0	0	0	0	0	7	8	9	10	0	0	0	14	0	16	17	18	19	20	21	22	0	24	25
947	1	2	3	0	5	0	7	0	9	10	11	12	0	0	15	16	0	18	0	20	0	22	0	24	0
948	1	2	0	0	5	6	0	8	9	0	11	0	13	0	0	16	17	18	19	0	21	22	0	24	0
949	1	0	0	0	0	6	7	8	9	10	11	12	13	14	15	16	17	0	0	0	21	0	23	0	0
950	0	2	0	4	5	0	7	8	9	0	0	12	13	14	0	0	17	18	19	20	21	0	0	0	25
951	0	0	3	0	0	0	7	8	9	10	0	0	13	14	15	0	17	0	19	20	21	22	23	0	25
952	1	0	3	4	0	6	0	8	0	0	11	12	0	14	0	0	17	18	19	0	21	22	23	0	25
953	1	2	0	0	5	6	7	0	9	10	0	12	13	14	15	16	0	18	0	0	21	0	0	24	0
954	0	0	3	0	5	6	0	8	0	10	11	12	13	14	0	16	0	18	0	20	0	0	23	24	25
955	1	2	0	4	5	0	7	0	9	10	11	12	13	14	0	16	0	18	0	0	21	0	0	24	0
956	0	2	3	4	5	6	0	8	0	0	11	12	13	0	0	16	17	18	19	0	21	22	0	0	0
957	1	0	3	4	5	6	7	8	0	0	0	0	13	0	15	16	0	0	0	0	21	22	23	24	25
958	1	0	0	4	5	6	0	0	9	0	0	12	13	14	0	16	17	0	19	20	21	22	0	24	0
959	0	2	0	0	5	6	0	0	9	0	11	12	0	14	0	16	0	0	19	20	21	22	23	24	25
960	1	2	3	4	0	6	7	0	0	10	0	12	0	14	0	16	17	18	0	20	21	0	0	24	0
961	1	2	3	4	5	0	7	0	9	0	11	12	0	0	15	0	0	18	0	20	21	22	0	0	25
962	1	0	0	4	0	6	0	8	9	0	11	0	13	14	15	0	17	0	0	20	21	22	23	0	25
963	0	0	3	4	0	6	7	0	9	10	11	0	0	14	15	16	17	18	19	0	0	0	23	24	0
964	1	2	3	4	0	0	7	0	9	10	11	0	0	0	15	0	17	18	19	20	21	0	23	0	0
965	0	0	3	4	0	0	0	8	9	10	11	0	13	14	15	16	0	18	19	0	21	22	0	24	0
966	0	2	3	4	5	6	7	8	0	10	11	12	0	0	0	0	17	0	19	0	21	22	0	0	25
967	0	2	3	4	0	6	0	8	9	10	11	0	0	0	0	16	17	0	0	20	21	22	23	0	25
968	0	2	3	4	5	0	7	0	9	0	11	0	13	14	0	16	0	18	19	20	21	0	0	0	25
969	1	0	3	4	5	0	0	0	9	10	11	12	0	0	0	16	17	18	19	20	0	22	0	24	0
970	1	0	3	0	0	6	0	8	9	10	0	12	0	0	15	0	17	18	19	20	21	0	23	24	0
971	0	0	3	4	5	6	7	0	9	10	11	0	0	0	0	0	0	18	0	20	21	22	23	24	25
972	1	0	3	0	0	6	0	8	0	0	11	0	13	14	15	16	0	0	0	20	21	22	23	24	25
973	1	2	3	0	5	6	0	8	0	0	11	0	0	14	15	0	0	18	0	20	21	22	0	24	25
974	1	0	0	4	0	6	7	8	9	10	0	12	0	14	15	0	17	0	19	0	21	22	0	24	0
975	1	2	0	4	0	6	7	0	0	10	11	12	13	14	0	16	17	0	19	20	0	0	0	24	0
976	1	2	3	4	0	6	7	0	0	10	11	0	13	14	0	0	0	0	19	0	21	0	23	24	25
977	1	2	0	0	0	6	7	8	0	10	11	0	13	14	0	0	17	18	0	20	0	22	23	24	0
978	0	0	3	4	5	6	7	8	9	0	11	12	13	14	15	16	0	18	0	0	0	0	0	0	25
979	0	2	0	0	5	6	7	8	9	10	0	0	0	14	0	16	0	0	19	0	21	22	23	24	25
980	1	2	0	0	0	6	7	8	9	10	11	12	13	0	0	0	17	0	0	20	21	22	0	24	0
981	1	2	3	4	0	6	0	8	9	0	0	12	0	0	0	16	0	18	19	0	21	22	0	24	25
982	1	0	3	4	5	6	7	0	9	0	0	0	13	14	0	0	17	18	0	20	21	0	23	24	0
983	0	2	0	4	5	6	7	8	0	10	11	0	0	14	15	16	0	18	19	0	21	0	0	0	25
984	0	2	0	4	0	0	0	8	9	10	11	12	13	0	15	0	0	0	0	20	21	22	23	24	25
985	0	0	3	4	0	6	7	0	9	0	0	12	13	14	0	0	17	18	0	0	21	22	23	24	25
986	1	2	0	0	5	0	7	0	0	0	11	0	13	14	15	16	0	18	0	20	21	22	23	24	0
987	0	2	0	4	5	6	7	0	9	0	11	12	13	0	15	0	0	18	19	20	0	22	23	0	0
988	1	0	3	0	5	0	7	0	9	0	11	12	13	0	15	16	17	0	19	20	0	0	0	24	25
989	0	0	3	4	0	6	0	8	9	10	0	0	13	14	15	0	17	18	19	0	0	22	23	24	0
990	1	0	0	0	5	6	7	8	0	10	11	12	13	0	15	16	0	0	19	20	0	22	0	24	0
991	1	2	0	0	5	6	7	0	9	0	0	12	0	14	15	0	17	18	0	0	21	22	0	24	25
992	1	0	3	4	5	0	7	8	9	10	11	0	13	0	15	0	17	0	19	20	0	0	0	24	0
993	0	2	0	4	5	0	7	0	9	10	0	12	0	14	0	0	17	0	0	20	21	22	23	24	25
994	0	0	3	0	5	0	7	8	9	0	11	12	13	14	15	16	0	18	0	0	0	22	23	0	25
995	1	2	3	4	0	0	7	8	9	0	0	12	13	14	0	0	17	0	0	20	0	22	23	24	0
996	0	2	3	4	0	6	7	0	9	0	0	0	13	0	0	16	17	18	0	20	21	0	23	24	25
997	0	2	0	4	5	0	7	0	9	10	0	12	0	0	15	16	17	18	19	0	0	22	23	24	0
998	1	2	3	4	5	0	0	0	9	0	11	12	0	14	0	0	17	0	19	20	21	22	23	0	0
999	1	2	0	0	5	6	7	8	0	10	0	12	13	14	15	16	0	18	0	0	21	0	0	24	0
1000	0	2	3	4	0	0	0	8	0	0	11	12	13	14	15	16	17	18	19	20	0	22	0	0	0
1001	0	0	0	0	5	6	7	8	0	10	11	12	13	14	0	0	17	0	19	20	21	0	23	0	25
1002	0	0	3	4	0	0	0	8	0	10	0	12	13	14	15	16	17	18	0	20	21	22	0	24	0
1003	1	2	3	0	0	6	0	8	0	10	0	12	0	14	0	16	17	0	19	20	21	0	23	0	25
1004	1	2	3	0	0	6	0	0	0	10	0	12	0	14	15	0	0	18	19	20	21	22	0	24	25
1005	1	0	0	0	5	0	7	0	9	10	0	12	0	14	15	16	0	18	19	20	21	22	0	24	0
1006	1	0	3	4	5	6	7	0	9	0	0	0	13	14	15	16	0	0	0	20	0	22	23	24	0
1007	1	2	3	0	0	6	7	0	9	10	11	12	0	0	0	0	0	18	0	20	0	22	23	24	25
1008	1	0	3	0	0	6	7	8	9	10	0	12	13	0	0	16	17	18	19	0	21	22	0	0	0
1009	0	2	0	4	0	6	0	0	9	10	11	12	0	14	15	0	17	18	19	20	0	22	0	24	0
1010	1	2	0	4	0	6	0	8	0	10	11	0	13	14	15	16	0	0	19	0	21	22	23	0	0
1011	1	0	3	4	5	0	7	0	9	10	0	0	13	0	15	0	17	18	19	0	0	0	23	24	25
1012	1	2	0	0	0	0	7	0	9	0	11	12	0	14	15	16	17	18	0	0	21	22	0	24	25
1013	1	2	3	4	5	0	7	0	0	10	11	0	13	0	0	0	17	18	19	20	21	0	23	0	0
1014	1	2	0	0	0	0	0	8	9	10	0	12	13	14	0	0	17	18	0	20	0	22	23	24	25
1015	1	2	3	0	5	6	7	8	0	0	0	0	13	0	15	16	17	18	0	20	21	0	23	0	0
1016	1	2	3	0	5	6	0	0	0	0	11	12	0	14	15	16	0	0	19	20	21	0	23	0	25
1017	1	2	3	4	0	0	0	8	9	10	11	12	0	0	15	16	17	0	19	0	21	0	23	0	0
1018	0	2	0	4	5	0	7	8	0	10	11	12	0	14	0	16	17	18	19	0	0	22	0	24	0
1019	1	2	3	4	5	0	7	8	0	10	0	12	0	0	0	0	17	18	0	20	21	22	23	0	0
1020	0	2	3	0	5	0	7	0	9	0	11	12	13	0	15	16	0	18	19	20	21	0	0	24	0
1021	1	0	0	0	5	6	0	0	9	10	0	0	13	14	15	16	0	18	19	20	21	22	23	0	0
1022	1	0	3	4	5	0	7	8	9	10	0	0	0	14	0	16	0	18	0	0	21	22	0	24	25
1023	1	2	3	0	0	6	7	8	9	0	11	0	13	14	0	16	0	18	0	0	21	22	23	0	0
1024	1	2	0	4	0	0	7	0	9	10	11	12	13	14	0	0	17	0	0	20	21	22	23	0	0
1025	1	2	0	0	0	0	7	0	9	0	11	0	13	14	15	16	17	18	19	0	0	22	23	0	25
1026	1	0	0	0	5	6	7	0	0	0	11	12	0	14	15	16	0	18	19	20	21	0	23	24	0
1027	1	0	3	0	5	6	0	8	9	10	0	12	0	14	15	16	0	0	19	0	21	0	23	0	25
1028	0	0	0	4	5	6	7	8	9	10	11	0	0	0	0	16	17	0	19	20	0	0	23	24	25
1029	1	2	3	0	0	6	0	8	0	0	11	0	13	14	0	0	17	18	19	0	0	22	23	24	25
1030	1	2	3	4	0	0	0	8	9	10	11	0	0	0	15	16	17	18	19	20	0	0	23	0	0
1031	1	2	0	4	5	6	0	0	9	0	11	12	0	14	15	0	17	0	19	20	0	22	0	24	0
1032	1	2	3	4	0	6	0	8	0	10	11	0	13	14	0	16	17	18	0	20	0	0	23	0	0
1033	0	0	3	4	0	6	7	8	0	0	0	12	13	14	0	16	17	18	0	0	21	22	23	24	0
1034	0	2	3	4	0	6	0	8	0	10	0	12	13	14	0	0	17	18	19	20	21	0	23	0	0
1035	0	0	0	4	0	6	7	0	9	0	0	12	13	14	15	0	0	18	19	20	21	22	23	0	25
1036	0	0	0	4	5	0	7	0	9	10	11	12	0	14	0	0	17	18	19	20	21	22	0	24	0
1037	1	0	0	0	5	6	0	0	9	10	11	12	0	0	15	0	17	18	0	20	21	0	23	24	25
1038	0	2	0	0	0	6	7	8	9	10	0	0	13	0	0	16	17	18	19	20	21	0	0	24	25
1039	1	2	3	0	0	0	0	8	9	0	0	12	13	14	15	0	0	18	19	20	21	22	0	24	0
1040	1	2	0	4	0	6	0	8	9	10	0	12	13	0	0	16	0	0	0	20	21	22	23	0	25
1041	1	0	3	0	5	0	7	0	0	10	0	12	13	0	15	0	17	0	19	20	21	0	23	24	25
1042	1	0	3	0	0	6	7	8	9	10	11	0	0	14	15	16	0	0	19	0	21	22	0	24	0
1043	1	2	0	0	0	6	7	8	9	10	11	12	0	14	0	0	17	18	19	0	0	0	0	24	25
1044	0	2	0	4	5	6	7	8	0	10	11	12	0	0	15	0	17	0	0	20	0	0	23	24	25
1045	0	2	3	0	5	6	0	0	9	0	11	0	0	0	15	16	17	0	0	20	21	22	23	24	25
1046	0	0	3	4	5	0	7	8	0	0	11	12	13	14	0	0	0	18	0	20	21	22	23	0	25
1047	0	0	0	4	0	0	7	8	9	10	11	12	0	0	15	16	17	0	0	20	21	22	0	24	25
1048	1	2	3	0	5	6	7	0	9	10	0	0	0	0	15	16	17	18	0	20	21	0	0	0	25
1049	0	2	0	4	5	0	0	0	9	0	0	12	0	14	0	16	17	18	19	20	21	22	23	0	25
1050	1	0	0	4	0	6	7	0	0	10	0	12	13	0	15	16	17	0	19	0	21	22	0	24	25
1051	0	2	3	4	0	0	7	8	0	10	11	0	13	14	0	16	0	18	0	20	21	0	23	0	25
1052	1	0	3	4	5	6	0	8	0	10	11	0	0	0	0	16	17	18	0	20	21	0	23	24	0
1053	1	2	3	4	0	6	0	0	0	0	11	12	13	14	15	0	17	18	0	0	0	22	23	24	0
1054	0	2	3	4	5	6	0	0	9	0	0	12	13	0	15	16	17	18	0	20	0	0	0	24	25
1055	1	2	3	0	0	0	7	8	9	10	0	12	13	14	0	0	0	18	0	0	0	22	23	24	25
1056	0	2	0	4	5	6	0	8	9	10	11	0	0	14	15	0	0	18	19	0	21	22	23	0	0
1057	1	0	0	4	0	6	7	8	9	0	11	0	13	14	0	16	0	0	19	20	21	0	23	0	25
1058	0	0	0	4	5	6	7	0	9	0	0	12	13	0	0	16	17	18	0	20	21	22	0	24	25
1059	1	2	3	0	5	0	7	8	0	0	11	0	0	14	15	16	0	0	19	20	21	22	0	24	0
1060	1	2	0	4	5	0	7	8	0	0	0	0	13	14	15	16	17	0	0	20	21	22	23	0	0
1061	0	2	3	0	5	0	7	8	9	0	0	12	0	14	15	16	0	0	19	0	21	22	23	24	0
1062	0	0	3	4	5	0	7	8	9	0	11	0	13	0	15	16	17	0	19	20	0	0	23	0	25
1063	0	2	0	0	5	6	7	0	0	10	0	12	13	14	15	16	0	0	0	20	21	22	0	24	25
1064	0	2	3	0	0	0	7	8	9	10	11	0	0	14	15	16	0	18	19	0	21	0	0	24	25
1065	0	2	3	4	5	6	0	0	0	0	0	12	0	14	15	0	17	0	19	20	21	22	0	24	25
1066	0	2	0	4	5	6	0	0	0	10	11	0	0	14	0	16	17	18	19	0	21	22	23	24	0
1067	1	2	3	4	5	0	7	0	0	10	11	0	13	14	15	0	17	0	0	0	21	22	0	0	25
1068	0	2	0	0	0	6	7	0	0	10	11	0	13	14	15	16	17	18	0	20	21	22	0	24	0
1069	1	0	3	4	0	0	0	8	0	10	11	12	13	0	15	16	17	0	0	0	0	22	23	24	25
1070	0	0	0	4	0	0	0	0	9	10	11	12	13	0	0	16	0	18	19	20	21	22	23	24	25
1071	0	2	3	4	5	6	0	0	0	10	11	12	13	14	0	16	17	0	0	0	21	22	0	24	0
1072	1	2	3	4	5	0	7	0	9	0	0	0	13	14	15	0	17	0	0	20	0	22	23	0	25
1073	1	0	3	4	5	6	7	0	0	0	0	0	13	0	0	16	17	0	19	20	21	22	23	24	0
1074	1	0	0	4	0	0	7	8	9	10	11	0	13	0	0	0	17	0	0	20	21	22	23	24	25
1075	1	2	0	0	0	6	0	0	9	10	0	12	0	0	15	16	17	18	0	0	21	22	23	24	25
1076	0	0	0	4	0	0	0	0	9	10	11	12	13	14	15	16	17	18	0	20	21	22	0	0	25
1077	1	2	0	0	5	6	7	8	0	10	0	12	13	14	15	0	0	0	19	20	21	0	0	24	0
1078	0	2	0	4	5	6	7	0	9	10	11	0	13	0	0	0	17	18	0	0	21	0	23	24	25
1079	0	0	0	0	5	6	7	8	0	0	11	0	13	14	15	16	17	0	19	20	21	22	0	24	0
1080	0	2	3	0	5	6	0	0	0	10	11	12	0	14	15	16	17	0	0	0	21	22	23	0	25
1081	1	0	0	0	5	6	7	0	0	10	0	12	13	14	15	16	0	18	19	0	21	22	23	0	0
1082	0	0	3	0	0	0	7	0	9	10	11	0	13	0	15	16	17	18	19	0	21	22	23	24	0
1083	1	2	3	4	0	6	0	0	0	0	11	0	13	0	0	16	17	18	0	20	21	22	23	24	0
1084	1	2	3	4	5	6	7	0	9	10	0	0	13	0	0	0	17	18	0	0	21	0	0	24	25
1085	0	0	3	0	0	6	7	8	9	10	0	0	0	14	0	16	0	18	19	0	21	22	23	24	25
1086	0	2	0	4	5	0	7	0	0	10	0	12	13	0	15	0	17	18	19	0	21	22	23	24	0
1087	0	2	3	4	0	6	0	0	9	0	0	12	13	0	0	16	17	18	19	20	21	0	23	24	0
1088	1	2	3	0	5	6	7	0	9	10	0	12	13	0	0	0	0	18	19	20	0	22	23	0	0
1089	0	2	3	4	0	6	0	8	0	0	0	12	13	14	15	16	0	0	19	0	21	22	23	24	0
1090	0	0	3	0	5	0	0	8	9	10	11	0	13	14	15	0	17	18	0	20	21	22	0	24	0
1091	0	2	0	4	5	6	7	0	9	10	0	12	13	14	0	16	0	0	0	20	0	0	23	24	25
1092	0	0	0	4	5	0	0	8	9	0	11	12	13	14	15	0	0	18	19	20	0	22	0	24	25
1093	1	2	0	4	5	6	0	0	9	10	11	0	13	0	0	0	0	18	0	0	21	22	23	24	25
1094	1	2	3	4	5	6	0	8	9	10	0	12	0	14	0	16	0	0	19	0	0	22	0	0	25
1095	0	2	3	0	5	6	7	0	9	0	0	0	0	0	15	16	17	18	0	0	21	22	23	24	25
1096	1	2	0	4	0	0	7	8	0	10	0	12	13	14	15	0	0	0	0	20	21	22	23	0	25
1097	0	0	0	4	5	6	0	0	9	10	0	12	0	14	15	16	0	18	19	20	0	0	23	24	25
1098	0	0	3	4	5	0	7	8	0	10	11	12	0	14	15	16	0	18	0	0	0	0	23	24	25
1099	0	2	3	0	0	6	7	8	0	0	11	12	13	14	0	16	0	0	0	0	21	22	23	24	25
1100	0	0	0	0	5	6	7	0	9	10	11	12	0	14	15	16	0	18	19	20	0	0	23	24	0
1101	1	2	3	0	0	6	0	0	9	10	11	0	13	0	15	0	17	18	19	0	0	0	23	24	25
1102	0	2	3	0	5	6	0	8	0	0	0	12	0	14	15	0	0	18	19	20	21	22	23	24	0
1103	0	2	0	4	5	0	7	0	9	10	11	12	0	14	0	16	0	18	0	20	21	22	0	0	25
1104	0	2	0	0	5	6	0	8	9	0	11	0	13	14	15	16	0	18	19	0	21	22	23	0	0
1105	1	2	0	4	0	6	7	0	9	0	11	0	13	0	15	0	17	18	0	20	0	0	23	24	25
1106	0	2	3	4	0	0	0	0	9	10	11	12	13	14	15	16	0	0	19	0	21	0	23	24	0
1107	1	2	0	4	0	0	0	8	9	10	11	12	0	14	0	16	0	18	19	20	21	0	0	24	0
1108	1	2	0	4	5	0	7	8	9	0	0	12	13	14	0	0	17	0	0	0	21	22	0	24	25
1109	1	0	0	4	5	6	7	8	9	10	11	0	0	0	0	0	17	18	19	20	21	0	0	0	25
1110	1	2	3	4	0	6	0	0	9	10	0	0	0	0	15	0	17	18	19	20	0	22	0	24	25
1111	0	2	3	4	0	6	0	0	9	0	11	12	13	14	15	16	0	0	0	0	0	22	23	24	25
1112	1	2	3	0	0	6	7	8	0	0	0	12	13	0	15	16	17	18	0	20	0	22	0	24	0
1113	1	0	3	0	0	6	7	0	9	0	0	12	13	14	15	0	17	0	19	20	0	22	0	24	25
1114	1	2	3	4	5	6	0	8	0	10	11	12	0	0	15	0	0	18	19	20	0	22	0	0	0
1115	0	2	3	0	0	0	7	8	9	10	11	12	0	0	0	0	17	18	0	20	0	22	23	24	25
1116	1	2	3	4	5	6	0	0	9	0	0	12	0	0	15	0	17	18	0	0	21	22	0	24	25
1117	1	2	3	0	5	0	7	8	0	0	11	12	13	14	15	16	0	0	19	0	21	0	23	0	0
1118	1	2	0	0	5	6	0	8	0	10	11	0	13	14	15	0	0	0	0	20	21	0	23	24	25
1119	1	2	3	0	5	6	7	8	0	10	0	12	0	14	15	0	17	18	0	20	0	0	23	0	0
1120	0	2	0	4	5	6	0	8	9	10	0	12	13	14	0	16	17	18	19	0	0	0	0	24	0
1121	1	2	0	4	5	6	0	8	9	0	11	12	0	0	0	0	17	18	0	20	0	22	23	0	25
1122	0	2	3	0	0	0	7	0	0	10	11	12	13	14	0	16	0	0	19	20	21	0	23	24	25
1123	0	2	0	4	0	6	7	8	0	10	11	0	13	0	15	16	17	0	19	0	0	22	23	24	0
1124	1	0	3	4	5	6	0	8	0	10	0	12	13	0	15	0	0	0	19	0	21	22	0	24	25
1125	1	0	3	4	0	6	0	0	9	0	11	12	13	0	15	16	17	18	0	0	21	22	0	0	25
1126	0	0	3	0	5	6	7	8	0	0	0	12	13	0	0	16	17	18	19	0	0	22	23	24	25
1127	1	0	3	4	0	6	0	8	9	0	11	0	13	14	15	16	17	0	0	0	0	22	23	24	0
1128	1	2	3	4	0	6	7	0	0	10	11	12	0	14	0	16	17	0	0	20	0	0	0	24	25
1129	0	2	3	4	5	0	7	8	0	0	0	12	13	0	0	16	17	18	19	0	21	22	23	0	0
1130	1	2	0	0	5	0	0	8	0	10	11	12	13	14	15	0	17	0	0	20	0	22	0	24	25
1131	0	2	3	4	0	6	0	0	0	0	0	12	0	14	15	16	17	0	19	20	21	22	0	24	25
1132	1	2	0	0	0	6	7	8	9	0	11	12	13	14	0	0	17	0	0	0	21	22	23	24	0
1133	0	2	0	4	5	6	7	8	9	10	0	12	13	14	0	16	0	18	0	0	0	0	0	24	25
1134	1	2	0	4	0	0	0	8	0	10	11	12	13	14	15	0	17	18	0	20	0	0	23	0	25
1135	0	0	3	4	5	0	0	8	9	10	0	12	0	0	15	16	17	18	19	0	0	0	23	24	25
1136	1	2	0	0	5	6	7	0	9	10	11	0	0	0	15	0	17	18	19	0	21	22	0	24	0
1137	0	2	0	4	5	0	7	8	9	10	11	12	0	0	15	0	0	0	19	20	21	0	23	0	25
1138	1	2	3	0	5	6	7	0	0	10	11	0	13	0	15	16	0	18	0	20	21	22	0	0	0
1139	1	2	3	0	0	6	0	0	0	0	11	0	13	14	15	16	17	18	19	0	21	22	0	0	25
1140	0	0	3	4	5	6	7	8	0	10	0	0	0	0	15	0	0	18	19	20	21	0	23	24	25
1141	0	0	0	0	5	6	0	0	9	10	11	12	13	0	15	16	17	18	0	0	0	22	23	24	25
1142	0	2	0	4	0	0	7	8	9	10	0	12	13	0	15	16	0	0	19	20	0	22	23	24	0
1143	1	0	3	4	0	6	0	0	0	10	11	12	13	14	0	16	17	18	0	0	0	0	23	24	25
1144	0	2	3	4	0	6	7	8	0	10	0	0	13	14	0	0	17	18	19	0	0	0	23	24	25
1145	0	0	3	4	5	6	0	8	9	0	11	0	13	14	15	16	17	18	0	0	0	0	23	24	0
1146	0	2	3	4	5	0	7	0	0	0	11	0	13	0	15	0	17	18	19	0	21	22	0	24	25
1147	1	0	0	0	0	6	7	8	9	0	11	12	0	14	15	16	0	18	19	20	0	22	0	0	25
1148	1	0	3	4	5	6	0	0	9	10	0	0	13	14	0	16	17	18	19	20	0	0	0	24	0
1149	1	2	3	0	0	6	7	8	0	10	0	12	0	0	15	0	17	18	19	0	21	22	23	0	0
1150	0	0	0	0	5	0	7	8	9	0	11	12	13	14	15	0	17	18	0	20	0	22	23	24	0
1151	1	0	3	0	0	0	7	0	9	10	11	12	0	14	15	16	0	0	0	20	21	22	0	24	25
1152	0	0	3	4	5	0	7	8	9	10	0	12	0	0	0	16	0	18	19	20	21	22	0	0	25
1153	1	2	3	0	5	6	0	8	9	0	0	12	13	0	15	0	0	18	19	20	0	0	0	24	25
1154	1	0	3	4	5	0	0	0	0	10	11	0	13	0	15	16	17	0	19	0	21	0	23	24	25
1155	1	2	3	4	0	0	0	8	9	0	0	12	13	0	15	16	0	18	19	0	0	22	0	24	25
1156	1	0	3	4	0	6	7	0	0	0	11	12	13	14	15	0	17	0	0	0	21	22	0	24	25
1157	0	2	0	4	5	6	7	8	0	0	11	12	13	0	15	16	0	18	0	0	21	22	0	24	0
1158	0	2	3	0	5	0	7	0	0	10	0	0	13	14	15	16	17	0	19	20	0	22	0	24	25
1159	1	2	3	4	0	6	0	8	9	0	0	0	0	14	15	16	17	0	0	0	0	22	23	24	25
1160	0	2	0	4	5	6	7	8	0	10	11	0	0	0	15	16	17	18	0	0	21	22	0	0	25
1161	1	2	0	4	5	6	0	8	0	10	11	0	0	0	15	0	17	18	19	0	0	22	0	24	25
1162	1	0	3	4	0	0	7	0	9	0	11	0	13	0	15	0	0	18	19	20	21	0	23	24	25
1163	0	2	0	0	0	6	7	0	9	0	11	12	13	14	0	16	17	0	19	20	21	0	23	24	0
1164	0	0	3	4	5	0	0	8	0	10	11	0	13	0	15	0	17	0	0	20	21	22	23	24	25
1165	1	2	3	0	5	0	0	8	9	10	0	12	0	0	15	0	17	18	19	0	21	22	0	0	25
1166	0	2	0	4	5	6	0	0	9	10	0	12	0	14	15	0	17	18	19	20	21	0	0	24	0
1167	1	2	0	4	5	0	7	8	9	0	11	12	0	14	15	16	0	18	0	0	21	0	23	0	0
1168	1	0	3	4	5	0	7	8	9	10	11	0	13	0	0	16	0	0	19	0	0	0	23	24	25
1169	0	2	3	4	0	0	7	8	9	0	0	12	0	0	15	16	17	18	0	0	21	22	0	24	25
1170	1	2	0	4	0	0	7	8	0	10	0	0	13	0	15	16	0	18	19	20	21	22	0	0	25
1171	1	0	0	0	0	0	7	8	0	0	11	12	13	14	15	16	17	18	0	20	21	22	23	0	0
1172	0	2	0	0	0	6	0	8	9	10	11	12	13	14	0	16	0	0	19	20	0	0	23	24	25
1173	1	2	0	4	5	0	7	8	9	0	11	0	0	14	0	16	0	18	19	20	21	22	0	0	0
1174	1	2	3	0	5	6	0	8	9	10	11	0	13	0	15	0	17	18	19	0	0	0	23	0	0
1175	1	0	3	4	0	0	0	8	0	10	0	12	13	14	15	0	0	0	19	20	21	0	23	24	25
1176	0	2	3	0	5	0	7	0	0	10	11	12	13	0	15	16	0	18	19	20	0	0	23	0	25
1177	0	2	3	0	5	6	0	8	9	10	11	12	0	0	0	16	17	0	0	20	0	22	23	0	25
1178	1	0	0	4	0	0	7	8	9	0	11	12	0	0	0	16	17	18	19	20	21	0	23	24	0
1179	1	2	3	0	5	6	7	8	9	0	0	0	13	0	15	0	0	18	19	20	21	0	0	0	25
1180	1	2	0	0	0	6	7	8	9	10	11	0	13	14	15	0	0	0	19	20	0	22	23	0	0
1181	0	0	3	4	5	6	7	8	9	0	11	0	13	14	0	0	0	0	0	20	21	22	23	24	0
1182	0	0	3	0	0	6	7	8	0	10	0	12	13	0	0	16	0	18	19	20	21	22	0	24	25
1183	1	0	3	4	0	0	0	0	9	0	11	0	13	14	15	16	0	18	19	20	0	22	0	24	25
1184	0	2	0	4	0	6	7	0	0	10	11	12	0	14	0	16	17	18	19	20	21	0	0	0	25
1185	0	0	3	0	5	6	7	0	9	0	0	0	13	14	0	16	0	18	19	0	21	22	23	24	25
1186	1	2	0	4	5	6	0	0	9	0	11	0	0	14	15	16	0	18	0	20	0	22	23	24	0
1187	1	2	0	4	0	0	7	8	0	10	11	12	0	14	0	16	0	0	19	0	21	22	23	0	25
1188	1	2	0	4	5	6	0	8	0	10	0	12	13	14	0	0	0	18	0	20	0	22	23	24	0
1189	0	0	3	4	5	0	0	8	9	0	0	12	13	14	15	0	17	18	19	20	21	0	0	0	25
1190	0	2	3	4	0	6	0	0	9	10	11	0	0	14	15	16	17	0	0	0	21	22	23	0	25
1191	1	2	3	0	5	0	7	0	0	10	0	12	13	14	0	16	17	18	0	0	0	22	0	24	25
1192	1	2	3	4	5	6	0	0	9	0	11	12	13	0	15	16	0	0	19	20	21	0	0	0	0
1193	1	0	0	4	0	0	7	8	9	10	0	0	13	14	15	0	0	18	19	20	0	22	23	0	25
1194	0	2	0	4	0	0	0	8	9	10	0	12	0	0	15	16	17	18	19	0	0	22	23	24	25
1195	1	0	0	0	5	6	0	0	9	10	11	12	0	14	15	0	17	18	19	20	0	22	0	0	25
1196	1	2	0	4	0	6	7	8	9	0	11	12	0	0	0	16	17	18	19	20	0	0	23	0	0
1197	1	0	0	4	5	6	7	8	0	0	11	0	13	14	0	16	17	18	0	20	0	0	0	24	25
1198	1	0	3	4	0	6	7	0	9	10	11	0	0	0	15	0	17	0	0	20	21	22	23	0	25
1199	1	2	3	4	5	6	0	0	0	10	0	0	0	14	15	16	0	0	19	0	21	22	0	24	25
1200	0	0	3	4	5	6	7	8	0	10	11	12	0	14	15	16	0	0	0	0	0	22	0	24	25
1201	0	0	0	0	5	6	0	0	9	10	11	0	0	14	0	16	0	18	19	20	21	22	23	24	25
1202	0	2	3	4	0	0	0	8	0	10	0	0	13	14	0	16	17	18	19	20	0	0	23	24	25
1203	1	2	3	0	5	6	0	0	0	0	11	12	13	14	15	0	17	0	0	0	0	22	23	24	25
1204	1	2	0	0	5	0	7	8	9	0	0	12	13	0	15	16	0	0	19	20	21	22	23	0	0
1205	1	0	3	0	0	6	0	8	9	0	11	12	0	14	0	0	17	18	0	20	21	22	0	24	25
1206	1	0	3	0	5	0	7	0	0	10	11	0	13	14	15	0	0	18	0	0	21	22	23	24	25
1207	1	0	3	4	0	0	7	0	9	10	11	12	13	14	15	0	0	18	19	0	21	0	0	24	0
1208	1	2	3	4	5	0	0	0	0	10	11	0	0	14	15	0	0	18	19	20	0	22	0	24	25
1209	0	0	3	4	5	0	7	8	9	10	11	0	0	14	15	16	0	18	19	20	0	0	0	24	0
